OTU	A1	A2	A3	B1	B2	B3
ASV0001	11780	12105	11346	1	3	5
ASV0002	529	381	291	32	13	24
ASV0003	0	0	0	28	8	3
ASV0004	0	0	0	0	1	0
ASV0005	0	0	0	1	3	0
ASV0006	0	0	0	10	0	1
ASV0007	0	0	0	2	0	1
ASV0008	0	1	0	0	0	0
ASV0009	9	7	3	0	0	0
ASV0010	2	0	0	0	0	0
ASV0011	0	1	0	0	0	0
ASV0012	105	119	147	1	0	0
ASV0013	6	13	4	0	0	0
ASV0014	0	0	0	0	1	1
ASV0015	1	0	0	0	0	0
ASV0016	1	1	0	0	0	0
ASV0017	1	0	0	1	1	0
ASV0018	0	0	0	0	2	5
ASV0019	0	0	0	0	0	2
ASV0020	0	0	0	0	1	0
ASV0021	0	0	0	6	21	5
ASV0022	0	0	10	157	68	87
ASV0023	0	0	2	14	9	5
ASV0024	0	0	0	0	0	2
ASV0025	0	0	0	1	0	0
ASV0026	0	0	0	3	1	2
ASV0027	0	0	0	3	0	5
ASV0028	0	0	0	2	7	0
ASV0029	0	0	0	0	2	1
ASV0030	0	0	0	2	14	40
ASV0031	0	0	0	0	1	0
ASV0032	0	0	0	1	2	2
ASV0033	2	2	0	1	7	0
ASV0034	68	55	102	0	0	0
ASV0035	0	0	0	0	0	1
ASV0036	0	0	0	0	0	1
ASV0037	1	0	0	0	0	0
ASV0038	0	0	0	0	0	1
ASV0039	0	1	0	0	0	0
ASV0040	0	0	0	0	2	5
ASV0041	0	0	0	5	0	4
ASV0042	0	0	0	0	1	0
ASV0043	0	0	0	11	84	10
ASV0044	0	0	0	0	1	0
ASV0045	0	0	0	5	1	3
ASV0046	0	0	0	0	1	1
ASV0047	0	0	0	0	4	0
ASV0048	0	0	0	0	0	1
ASV0049	0	0	1	0	0	1
ASV0050	0	0	0	0	0	2
ASV0051	39	61	19	0	0	0
ASV0052	0	0	0	1	0	0
ASV0053	0	0	0	1	0	0
ASV0054	0	0	1	4	0	2
ASV0055	0	0	0	1	0	0
ASV0056	0	0	0	3	0	0
ASV0057	0	0	0	1	0	0
ASV0058	0	0	0	1	0	0
ASV0059	0	0	0	1	0	0
ASV0060	0	0	0	1	0	0
ASV0061	0	0	0	5	0	0
ASV0062	35	2	3	20	8	1
ASV0063	0	0	0	1	0	0
ASV0064	0	1	0	0	0	0
ASV0065	1	3	0	0	0	0
ASV0066	0	1	0	0	0	0
ASV0067	10	11	8	0	0	0
ASV0068	0	0	0	17	3	9
ASV0069	0	0	0	0	0	1
ASV0070	168	135	132	10	6	5
ASV0071	1	0	0	0	0	1
ASV0072	0	0	0	1	0	8
ASV0073	0	0	0	0	0	1
ASV0074	0	0	1	0	0	0
ASV0075	1	0	1	0	0	0
ASV0076	0	0	0	0	1	1
ASV0077	0	0	0	1	0	0
ASV0078	0	0	0	7	5	0
ASV0079	0	0	0	6	116	76
ASV0080	0	0	0	7	4	0
ASV0081	0	0	0	3	2	3
ASV0082	0	0	0	1	0	0
ASV0083	0	0	0	1	0	0
ASV0084	1	0	0	0	0	0
ASV0085	1	0	0	0	0	0
ASV0086	3	1	1	0	0	0
ASV0087	0	0	0	0	0	1
ASV0088	0	0	0	0	1	3
ASV0089	115	103	143	0	0	0
ASV0090	0	0	0	0	0	1
ASV0091	1	0	0	0	1	0
ASV0092	0	0	0	0	0	1
ASV0093	0	0	0	0	0	1
ASV0094	0	0	0	0	4	0
ASV0095	0	0	0	0	3	0
ASV0096	0	0	0	1	3	0
ASV0097	0	0	0	0	1	0
ASV0098	4	0	33	369	316	287
ASV0099	316	374	162	0	0	0
ASV0100	0	0	0	4	0	0
ASV0101	0	0	0	2	0	1
ASV0102	0	0	0	2	0	0
ASV0103	0	0	0	3	0	1
ASV0104	0	0	0	0	0	16
ASV0105	0	0	0	1	0	2
ASV0106	0	0	0	37	66	18
ASV0107	0	0	0	5	0	2
ASV0108	0	0	0	0	0	1
ASV0109	0	0	0	0	0	1
ASV0110	6	2	12	0	0	0
ASV0111	0	0	3	0	0	0
ASV0112	0	0	0	1	0	0
ASV0113	0	0	0	1	0	1
ASV0114	0	0	0	1	0	0
ASV0115	0	0	0	1	0	1
ASV0116	82	67	21	3	30	54
ASV0117	0	0	0	0	0	1
ASV0118	0	0	0	0	3	1
ASV0119	0	1	0	0	0	0
ASV0120	0	0	0	0	0	1
ASV0121	0	0	0	0	1	3
ASV0122	5	5	6	1	0	0
ASV0123	0	0	0	3	0	0
ASV0124	189	173	170	88	33	109
ASV0125	0	0	0	0	0	2
ASV0126	0	0	0	0	0	1
ASV0127	0	0	0	2	0	2
ASV0128	0	0	0	0	0	1
ASV0129	0	0	0	1	0	1
ASV0130	0	0	0	1	0	0
ASV0131	0	0	0	2	0	0
ASV0132	0	0	0	1	0	0
ASV0133	0	0	0	1	0	0
ASV0134	0	0	0	1	1	0
ASV0135	0	0	0	116	115	34
ASV0136	0	0	0	1	0	0
ASV0137	0	0	0	0	1	0
ASV0138	0	0	0	1	5	0
ASV0139	0	0	0	4	5	0
ASV0140	0	0	0	0	1	0
ASV0141	0	0	0	1	2	1
ASV0142	0	0	0	0	1	0
ASV0143	0	0	0	0	1	0
ASV0144	0	0	0	0	3	1
ASV0145	0	0	0	352	176	470
ASV0146	0	0	0	0	1	0
ASV0147	0	0	0	1	0	0
ASV0148	0	0	0	2	0	2
ASV0149	0	0	0	2	1	0
ASV0150	0	0	0	0	1	0
ASV0151	0	0	0	4	8	19
ASV0152	0	0	0	0	1	0
ASV0153	2	0	1	0	1	0
ASV0154	0	0	0	10	0	0
ASV0155	0	0	0	3	0	0
ASV0156	22	7	113	54	10	26
ASV0157	0	0	0	1	0	0
ASV0158	0	0	0	2	0	0
ASV0159	0	0	0	1	0	0
ASV0160	1	0	0	0	0	0
ASV0161	0	0	0	17	0	4
ASV0162	19	22	9	0	0	0
ASV0163	1	4	5	0	0	0
ASV0164	15	22	10	25	11	35
ASV0165	0	0	0	1	0	3
ASV0166	0	0	0	0	0	1
ASV0167	0	0	0	1	0	0
ASV0168	0	0	0	2	0	0
ASV0169	0	0	0	1	0	0
ASV0170	0	0	0	1	0	0
ASV0171	0	0	0	3	9	1
ASV0172	0	0	0	0	1	0
ASV0173	0	0	0	0	4	0
ASV0174	0	0	0	1	0	0
ASV0175	0	0	0	46	7	60
ASV0176	33	15	15	0	0	0
ASV0177	0	0	0	0	1	0
ASV0178	3	1	3	0	0	0
ASV0179	0	0	0	0	0	1
ASV0180	0	0	0	0	0	2
ASV0181	0	0	0	27	2	38
ASV0182	0	2	1	0	1	0
ASV0183	0	1	0	0	0	0
ASV0184	0	2	0	0	0	0
ASV0185	0	0	0	6	273	44
ASV0186	0	0	0	0	1	0
ASV0187	0	0	0	2	2	0
ASV0188	0	0	0	0	0	1
ASV0189	0	0	0	0	0	9
ASV0190	0	0	0	0	0	1
ASV0191	1	0	0	0	0	0
ASV0192	0	0	0	0	1	0
ASV0193	0	0	0	0	2	0
ASV0194	0	0	0	1	3	0
ASV0195	128	227	128	133	303	34
ASV0196	2	0	0	0	0	0
ASV0197	0	0	0	0	1	0
ASV0198	0	0	0	0	2	1
ASV0199	0	0	0	0	0	1
ASV0200	0	0	0	2	0	0
ASV0201	0	0	0	1	0	0
ASV0202	0	0	0	0	3	0
ASV0203	0	0	0	0	1	0
ASV0204	0	0	0	1	47	0
ASV0205	0	0	0	1	1	0
ASV0206	0	0	0	0	1	0
ASV0207	1	0	0	0	0	0
ASV0208	1	2	0	0	0	0
ASV0209	3	3	0	0	1	1
ASV0210	0	1	0	0	0	0
ASV0211	54	68	39	58	64	7
ASV0212	0	0	0	0	0	2
ASV0213	0	0	0	0	0	2
ASV0214	0	0	0	1	0	0
ASV0215	0	0	0	4	1	0
ASV0216	0	0	0	1	0	0
ASV0217	0	0	0	1	0	0
ASV0218	0	0	0	1	0	1
ASV0219	10	10	22	3	0	0
ASV0220	0	0	0	32	18	20
ASV0221	0	0	0	0	3	0
ASV0222	0	0	0	0	1	0
ASV0223	0	0	0	0	1	0
ASV0224	0	0	0	1	1	0
ASV0225	0	0	0	1	0	0
ASV0226	0	0	0	1	0	0
ASV0227	0	0	0	1	0	0
ASV0228	0	0	0	1	0	0
ASV0229	0	0	0	1	9	0
ASV0230	0	0	0	1	0	0
ASV0231	0	0	0	24	55	73
ASV0232	16	6	3	0	0	0
ASV0233	0	1	0	0	0	0
ASV0234	0	0	0	2	1	1
ASV0235	1	2	0	0	0	0
ASV0236	0	0	0	0	1	0
ASV0237	23	74	16	0	0	0
ASV0238	0	0	0	0	1	0
ASV0239	0	0	0	0	1	0
ASV0240	0	0	0	0	1	0
ASV0241	0	0	0	3	3	3
ASV0242	0	0	0	1	0	0
ASV0243	0	0	0	0	0	1
ASV0244	0	0	0	0	1	2
ASV0245	0	0	0	7	107	64
ASV0246	0	1	0	0	0	0
ASV0247	0	0	0	1	19	0
ASV0248	0	0	0	0	0	2
ASV0249	0	0	0	1	0	0
ASV0250	0	0	0	11	0	5
ASV0251	0	0	0	0	2	0
ASV0252	0	0	0	1	0	0
ASV0253	0	0	0	4	2	0
ASV0254	0	0	0	17	79	15
ASV0255	0	0	0	1	0	0
ASV0256	0	0	0	0	1	0
ASV0257	0	0	0	5	12	11
ASV0258	1	0	0	0	0	0
ASV0259	0	0	0	2	0	0
ASV0260	0	0	0	1	0	0
ASV0261	0	0	0	2	0	0
ASV0262	0	0	0	1	0	0
ASV0263	0	0	1	0	0	0
ASV0264	0	0	1	0	0	0
ASV0265	94	148	82	1	0	0
ASV0266	0	0	2	0	0	0
ASV0267	0	0	1	0	0	0
ASV0268	0	0	0	1	0	4
ASV0269	0	0	0	0	1	0
ASV0270	0	0	4	0	0	0
ASV0271	0	0	0	3	0	0
ASV0272	0	0	0	8	0	0
ASV0273	1	1	0	0	0	0
ASV0274	0	0	0	8	0	3
ASV0275	0	0	0	13	45	27
ASV0276	0	0	0	0	0	3
ASV0277	0	0	0	0	0	1
ASV0278	36	31	28	2	1	5
ASV0279	0	0	0	0	0	1
ASV0280	0	0	0	4	1	7
ASV0281	0	0	0	0	0	1
ASV0282	2	1	0	0	0	0
ASV0283	0	0	0	1	2	1
ASV0284	377	370	322	2	0	2
ASV0285	40	22	25	22	44	19
ASV0286	0	0	0	0	1	0
ASV0287	0	0	0	0	0	1
ASV0288	3	2	0	6	20	57
ASV0289	0	0	0	1	0	0
ASV0290	0	0	0	2	0	0
ASV0291	0	0	0	1	0	0
ASV0292	0	0	0	43	10	0
ASV0293	0	0	0	2	0	0
ASV0294	0	0	0	1	1	0
ASV0295	0	0	0	2	0	0
ASV0296	0	0	0	0	1	0
ASV0297	0	0	0	16	7	6
ASV0298	0	0	0	1	0	0
ASV0299	0	0	0	0	1	0
ASV0300	0	0	0	0	1	1
ASV0301	0	0	0	3	4	0
ASV0302	0	1	0	53	0	9
ASV0303	0	0	0	0	1	0
ASV0304	1	5	0	0	0	0
ASV0305	1	1	1	0	0	0
ASV0306	0	0	0	0	0	1
ASV0307	0	0	0	0	0	1
ASV0308	0	0	0	0	0	1
ASV0309	0	0	0	1	0	0
ASV0310	0	0	0	0	1	0
ASV0311	0	0	0	0	4	2
ASV0312	0	0	0	0	2	0
ASV0313	0	0	0	0	2	0
ASV0314	0	0	0	0	0	2
ASV0315	0	0	0	1	0	0
ASV0316	0	2	0	5	9	8
ASV0317	0	0	0	112	91	44
ASV0318	0	0	0	0	0	6
ASV0319	0	0	0	0	1	2
ASV0320	0	0	1	0	0	0
ASV0321	0	0	0	1	0	0
ASV0322	0	0	0	0	1	0
ASV0323	0	0	0	1	0	0
ASV0324	0	0	0	1	0	0
ASV0325	0	0	0	2	0	0
ASV0326	0	0	0	15	53	14
ASV0327	0	0	0	6	2	27
ASV0328	0	0	0	1	0	0
ASV0329	0	0	0	0	1	0
ASV0330	0	0	0	0	1	0
ASV0331	0	0	0	0	8	0
ASV0332	0	2	0	0	0	0
ASV0333	0	1	1	0	0	0
ASV0334	0	0	3	0	0	0
ASV0335	17	20	8	0	0	0
ASV0336	2	9	2	0	0	0
ASV0337	100	97	125	0	1	0
ASV0338	1	0	0	0	0	0
ASV0339	0	0	0	1	0	0
ASV0340	0	0	0	1	0	0
ASV0341	0	0	0	1	0	0
ASV0342	1	0	0	0	0	0
ASV0343	0	0	0	0	1	0
ASV0344	0	0	1	0	0	0
ASV0345	0	0	0	0	0	1
ASV0346	0	0	0	46	0	11
ASV0347	0	0	0	1	0	1
ASV0348	0	0	0	0	0	2
ASV0349	0	0	0	0	0	1
ASV0350	0	0	0	5	0	4
ASV0351	0	0	0	2	0	0
ASV0352	0	0	0	13	0	2
ASV0353	0	0	0	0	1	0
ASV0354	0	0	0	1	0	0
ASV0355	0	0	0	1	0	0
ASV0356	5	0	2	0	0	0
ASV0357	3	7	1	45	185	34
ASV0358	1	3	0	0	0	0
ASV0359	0	0	0	0	2	0
ASV0360	0	0	0	0	0	1
ASV0361	0	0	0	2	0	1
ASV0362	0	0	0	0	0	1
ASV0363	0	0	0	0	5	2
ASV0364	7	4	0	0	0	0
ASV0365	0	0	0	0	1	0
ASV0366	0	0	0	0	1	0
ASV0367	49	30	38	0	0	0
ASV0368	0	0	0	0	1	0
ASV0369	0	0	0	1	0	0
ASV0370	0	0	0	4	4	4
ASV0371	1	1	0	0	0	0
ASV0372	0	0	0	0	0	1
ASV0373	0	0	0	3	0	1
ASV0374	0	0	0	6	3	3
ASV0375	0	0	0	0	0	2
ASV0376	0	0	0	0	0	1
ASV0377	29	43	2	60	185	590
ASV0378	0	0	0	18	22	9
ASV0379	0	0	0	0	0	1
ASV0380	0	0	0	2	0	0
ASV0381	0	0	0	0	1	0
ASV0382	0	0	0	1	0	0
ASV0383	0	0	0	1	0	0
ASV0384	0	0	0	4	12	3
ASV0385	0	0	0	0	1	0
ASV0386	0	0	0	0	1	0
ASV0387	0	0	0	0	4	15
ASV0388	0	0	1	0	0	0
ASV0389	5	0	0	1	1	1
ASV0390	0	0	0	5	0	1
ASV0391	0	0	0	1	0	0
ASV0392	3	2	2	1	1	1
ASV0393	0	0	0	2	0	3
ASV0394	0	0	0	0	2	0
ASV0395	0	0	0	4	0	2
ASV0396	0	0	0	1	0	0
ASV0397	0	0	0	28	353	0
ASV0398	0	0	0	1	0	0
ASV0399	6	10	2	0	0	0
ASV0400	0	0	0	3	0	0
ASV0401	0	0	0	1	0	0
ASV0402	0	0	0	1	0	0
ASV0403	14	42	13	0	0	0
ASV0404	1	1	0	0	0	0
ASV0405	0	4	2	0	0	0
ASV0406	0	1	0	0	0	0
ASV0407	0	0	0	1	0	0
ASV0408	0	0	0	0	0	146
ASV0409	0	0	0	0	0	3
ASV0410	0	0	0	0	0	1
ASV0411	1	0	0	0	0	0
ASV0412	0	1	0	1	0	0
ASV0413	3	3	9	0	0	0
ASV0414	0	0	0	0	0	1
ASV0415	0	0	0	0	2	1
ASV0416	1	0	0	0	0	0
ASV0417	0	0	0	0	1	0
ASV0418	0	0	0	0	1	0
ASV0419	0	0	0	25	1	0
ASV0420	0	0	0	0	1	0
ASV0421	0	0	0	0	2	0
ASV0422	0	0	0	1	2	0
ASV0423	0	0	0	1	0	0
ASV0424	0	0	0	0	1	0
ASV0425	0	0	0	0	1	0
ASV0426	0	0	0	12	0	0
ASV0427	0	0	0	0	1	0
ASV0428	0	0	0	1	0	0
ASV0429	0	0	0	41	21	6
ASV0430	0	0	0	0	1	0
ASV0431	0	0	0	0	1	0
ASV0432	0	0	0	0	1	0
ASV0433	1	1	0	0	0	0
ASV0434	0	0	0	0	0	1
ASV0435	0	0	0	0	0	2
ASV0436	0	0	0	27	2	0
ASV0437	1	0	0	0	0	0
ASV0438	0	0	0	0	0	1
ASV0439	1	4	0	0	0	0
ASV0440	0	0	0	3	0	6
ASV0441	0	3	1	1	7	9
ASV0442	0	0	0	0	1	0
ASV0443	0	0	0	0	4	0
ASV0444	0	0	0	1	7	0
ASV0445	0	0	1	0	0	0
ASV0446	0	0	0	28	12	4
ASV0447	0	0	0	1	0	0
ASV0448	0	0	0	4	0	0
ASV0449	0	0	0	1	0	0
ASV0450	0	0	0	2	0	1
ASV0451	0	0	0	1	0	0
ASV0452	0	1	1	0	0	0
ASV0453	1	1	1	0	0	0
ASV0454	8	0	2	0	1	0
ASV0455	0	0	0	8	5	13
ASV0456	0	0	0	3	0	2
ASV0457	0	0	0	0	0	1
ASV0458	0	0	0	0	0	2
ASV0459	0	0	0	0	0	4
ASV0460	2	1	1	0	0	0
ASV0461	0	0	0	0	0	1
ASV0462	0	0	0	0	0	1
ASV0463	0	0	0	66	116	72
ASV0464	0	0	0	0	0	1
ASV0465	0	0	0	1	0	0
ASV0466	0	0	0	5	8	4
ASV0467	0	0	0	1	0	0
ASV0468	0	0	0	1	0	0
ASV0469	0	0	0	1	0	0
ASV0470	0	0	0	1	0	1
ASV0471	0	0	0	0	1	0
ASV0472	0	0	0	0	6	0
ASV0473	0	0	0	0	2	0
ASV0474	2314	2167	3346	1	0	0
ASV0475	0	0	0	0	0	46
ASV0476	0	0	0	0	1	0
ASV0477	0	0	0	0	1	0
ASV0478	0	0	0	3	4	3
ASV0479	0	0	0	1	0	0
ASV0480	0	0	0	1	0	0
ASV0481	0	0	0	4	0	0
ASV0482	0	0	0	1	0	0
ASV0483	0	0	0	1	0	0
ASV0484	0	0	0	0	2	0
ASV0485	0	0	0	0	1	0
ASV0486	0	0	0	18	4	18
ASV0487	0	0	0	1	0	0
ASV0488	0	0	0	0	1	0
ASV0489	0	0	0	1	0	0
ASV0490	0	0	0	0	1	0
ASV0491	0	0	0	0	2	0
ASV0492	30	1	11	7	34	65
ASV0493	9	17	2	17	50	145
ASV0494	1	0	0	0	0	0
ASV0495	0	0	1	0	0	0
ASV0496	0	0	0	1	0	0
ASV0497	0	0	0	2	0	0
ASV0498	3	2	5	0	0	0
ASV0499	0	0	1	0	0	0
ASV0500	0	0	0	0	0	2
ASV0501	0	0	0	0	0	1
ASV0502	0	0	0	1	0	1
ASV0503	4	6	4	3	0	1
ASV0504	0	0	0	1	0	0
ASV0505	0	0	0	0	1	0
ASV0506	0	0	0	0	1	0
ASV0507	1	0	2	0	1	0
ASV0508	0	0	0	1	7	0
ASV0509	0	0	0	1	1	0
ASV0510	0	0	0	4	13	4
ASV0511	0	0	0	2	42	7
ASV0512	0	0	0	0	1	0
ASV0513	0	0	0	12	115	49
ASV0514	3	0	0	0	0	0
ASV0515	2	2	0	0	0	0
ASV0516	2	7	9	0	0	0
ASV0517	0	3	0	0	0	0
ASV0518	0	0	0	4	5	0
ASV0519	0	0	0	11	0	0
ASV0520	0	1	0	0	0	0
ASV0521	0	0	0	0	0	1
ASV0522	0	0	0	4	0	0
ASV0523	0	0	0	0	36	57
ASV0524	0	1	0	0	0	0
ASV0525	2	1	2	0	0	0
ASV0526	0	1	2	0	0	0
ASV0527	8	16	11	1	0	0
ASV0528	0	0	0	2	0	0
ASV0529	0	0	0	3	0	10
ASV0530	0	0	0	0	0	1
ASV0531	5	5	27	0	0	0
ASV0532	0	0	0	1	1	0
ASV0533	1	0	0	0	1	0
ASV0534	0	0	1	17	11	17
ASV0535	0	0	0	0	1	6
ASV0536	0	0	0	1	2	1
ASV0537	0	0	0	1	1	0
ASV0538	0	0	0	1	0	0
ASV0539	0	0	0	2	0	0
ASV0540	0	0	0	0	9	2
ASV0541	1	0	0	0	0	0
ASV0542	0	0	0	0	2	0
ASV0543	0	0	0	0	1	0
ASV0544	0	0	0	0	1	0
ASV0545	0	0	0	0	1	0
ASV0546	0	0	0	0	2	0
ASV0547	0	0	0	0	1	0
ASV0548	0	0	0	0	1	0
ASV0549	0	0	0	0	1	0
ASV0550	0	0	0	1	0	0
ASV0551	0	0	0	1	1	0
ASV0552	0	0	0	49	0	4
ASV0553	0	0	0	0	2	0
ASV0554	0	0	0	0	2	0
ASV0555	0	0	0	0	0	3
ASV0556	0	0	0	3	1	0
ASV0557	0	0	0	0	5	1
ASV0558	0	0	0	1	0	1
ASV0559	3	2	1	0	0	0
ASV0560	0	0	0	2	0	0
ASV0561	0	0	0	2	1	0
ASV0562	4	0	0	12	2	14
ASV0563	0	0	0	1	1	0
ASV0564	0	0	0	1	2	0
ASV0565	0	0	1	0	0	0
ASV0566	0	0	0	2	0	0
ASV0567	0	0	0	2	0	0
ASV0568	0	0	1	0	0	0
ASV0569	0	0	0	1	0	0
ASV0570	0	0	0	0	0	1
ASV0571	345	133	67	0	0	0
ASV0572	0	0	0	53	0	12
ASV0573	1	0	1	0	0	0
ASV0574	0	0	0	4	5	1
ASV0575	0	0	0	0	0	1
ASV0576	1	1	0	0	0	0
ASV0577	0	0	0	0	0	2
ASV0578	0	0	0	0	0	1
ASV0579	2	0	2	0	0	0
ASV0580	0	0	0	1	0	2
ASV0581	0	0	0	59	0	6
ASV0582	0	0	0	0	0	1
ASV0583	0	0	0	0	1	1
ASV0584	0	0	0	0	0	1
ASV0585	0	1	0	0	0	1
ASV0586	0	0	0	3	0	0
ASV0587	0	0	0	0	1	0
ASV0588	0	0	0	1	0	0
ASV0589	0	0	0	1	0	0
ASV0590	0	0	0	1	0	0
ASV0591	15	6	6	0	0	2
ASV0592	0	0	0	1	0	0
ASV0593	0	0	0	0	1	0
ASV0594	0	0	0	1	0	0
ASV0595	0	0	0	1	0	0
ASV0596	0	0	0	1	0	0
ASV0597	0	0	0	0	0	1
ASV0598	0	0	0	1	1	2
ASV0599	0	0	0	0	0	1
ASV0600	0	0	0	0	0	1
ASV0601	0	0	0	0	1	0
ASV0602	0	108	1	0	0	0
ASV0603	7	12	2	0	0	0
ASV0604	0	0	0	1	0	2
ASV0605	0	0	0	0	0	2
ASV0606	0	0	0	0	0	1
ASV0607	0	0	0	1	0	2
ASV0608	0	0	0	3	0	4
ASV0609	0	0	0	0	0	1
ASV0610	0	0	0	0	0	2
ASV0611	0	0	0	0	0	1
ASV0612	14	25	27	14	21	1
ASV0613	0	0	0	0	0	1
ASV0614	0	0	0	0	0	2
ASV0615	0	0	0	0	1	0
ASV0616	0	0	0	0	1	0
ASV0617	0	0	0	2	0	0
ASV0618	0	0	0	0	2	0
ASV0619	0	0	0	3	0	0
ASV0620	0	0	0	1	3	1
ASV0621	0	0	0	2	1	1
ASV0622	0	0	0	0	1	0
ASV0623	11	14	19	37	67	79
ASV0624	0	0	0	0	0	1
ASV0625	0	0	0	0	0	1
ASV0626	0	0	0	0	0	4
ASV0627	0	0	0	0	0	1
ASV0628	1	0	0	0	0	0
ASV0629	0	0	0	0	0	1
ASV0630	0	0	0	5	0	0
ASV0631	0	0	0	1	0	0
ASV0632	0	0	0	18	11	3
ASV0633	0	0	0	1	0	0
ASV0634	0	0	0	4	0	0
ASV0635	0	0	0	1	0	0
ASV0636	0	0	0	0	1	0
ASV0637	0	0	0	0	1	0
ASV0638	0	0	0	1	0	0
ASV0639	0	0	0	1	0	0
ASV0640	0	0	0	3	0	0
ASV0641	0	0	0	7	1	3
ASV0642	0	0	0	1	0	0
ASV0643	0	0	0	34	17	60
ASV0644	0	0	0	3	1	3
ASV0645	0	0	0	2	3	0
ASV0646	0	0	0	1	0	0
ASV0647	0	0	0	9	0	0
ASV0648	0	0	0	1	0	0
ASV0649	0	0	0	0	1	0
ASV0650	0	0	0	0	3	0
ASV0651	0	0	0	2	5	6
ASV0652	1	2	0	0	0	0
ASV0653	0	0	1	0	0	0
ASV0654	0	0	0	27	2	35
ASV0655	0	0	0	1	0	2
ASV0656	1	1	0	0	0	0
ASV0657	0	0	0	0	1	1
ASV0658	0	0	0	0	0	3
ASV0659	0	0	0	0	0	1
ASV0660	0	0	0	0	0	1
ASV0661	0	0	0	8	2	11
ASV0662	1	3	0	0	0	0
ASV0663	0	0	1	0	0	0
ASV0664	0	2	0	17	8	10
ASV0665	0	0	0	0	0	1
ASV0666	0	0	0	17	0	26
ASV0667	0	0	0	4	0	1
ASV0668	0	0	0	0	0	1
ASV0669	0	0	0	2	0	0
ASV0670	0	0	0	1	0	0
ASV0671	0	0	0	1	0	0
ASV0672	0	0	0	2	0	0
ASV0673	0	0	0	0	1	0
ASV0674	44	8	5	17	10	5
ASV0675	0	0	5	33	19	19
ASV0676	0	0	0	0	1	0
ASV0677	1	0	0	0	0	0
ASV0678	23	1	9	5	48	63
ASV0679	1	0	0	0	0	0
ASV0680	0	1	1	0	0	0
ASV0681	0	0	0	2	3	8
ASV0682	0	0	0	0	0	2
ASV0683	0	0	0	0	0	1
ASV0684	0	1	0	41	53	67
ASV0685	0	0	0	0	0	1
ASV0686	0	0	0	0	0	1
ASV0687	0	0	0	0	0	2
ASV0688	0	0	0	0	0	1
ASV0689	0	0	0	1	0	0
ASV0690	0	0	0	1	0	1
ASV0691	0	0	0	1	2	1
ASV0692	0	0	0	84	0	0
ASV0693	0	0	0	0	1	0
ASV0694	0	0	0	0	1	0
ASV0695	0	0	0	2	9	0
ASV0696	0	0	0	1	0	0
ASV0697	0	0	0	2	2	4
ASV0698	0	0	0	0	0	1
ASV0699	0	0	0	0	0	1
ASV0700	0	0	0	0	0	1
ASV0701	0	0	0	7	0	0
ASV0702	23	0	4	3	23	48
ASV0703	0	0	0	0	1	0
ASV0704	0	0	0	1	0	0
ASV0705	0	0	0	5	2	0
ASV0706	0	0	0	2	0	0
ASV0707	0	0	0	1	0	0
ASV0708	0	0	0	1	0	0
ASV0709	4	3	2	0	0	0
ASV0710	0	1	0	0	0	0
ASV0711	0	0	0	3	1	0
ASV0712	0	3	3	0	0	0
ASV0713	0	0	0	1	0	0
ASV0714	0	0	0	1	0	0
ASV0715	0	0	0	1	0	0
ASV0716	0	0	0	1	0	1
ASV0717	0	0	0	0	0	1
ASV0718	0	5	0	0	10	16
ASV0719	1	7	5	0	0	0
ASV0720	0	1	0	0	0	0
ASV0721	1	0	0	0	0	0
ASV0722	0	0	0	43	49	4
ASV0723	0	0	0	0	0	1
ASV0724	0	0	0	0	0	3
ASV0725	0	0	0	0	0	2
ASV0726	0	0	0	1	0	7
ASV0727	0	0	0	0	0	1
ASV0728	0	0	0	1	0	0
ASV0729	0	0	0	1	0	0
ASV0730	0	0	0	0	1	0
ASV0731	0	0	0	2	0	0
ASV0732	0	0	0	0	0	1
ASV0733	0	0	0	0	1	0
ASV0734	0	0	0	0	0	1
ASV0735	0	0	0	0	0	1
ASV0736	1	0	0	1	0	0
ASV0737	0	0	0	1	0	0
ASV0738	0	0	0	0	1	0
ASV0739	0	0	0	2	0	0
ASV0740	0	0	0	3	0	0
ASV0741	0	0	0	1	0	0
ASV0742	0	0	0	27	23	1
ASV0743	0	0	0	0	1	0
ASV0744	0	0	0	0	3	0
ASV0745	0	0	0	0	1	0
ASV0746	0	0	0	1	0	0
ASV0747	0	0	0	3	0	3
ASV0748	0	0	0	1	0	0
ASV0749	0	0	0	0	0	1
ASV0750	1	0	3	0	0	1
ASV0751	0	0	0	33	23	15
ASV0752	0	0	0	1	0	0
ASV0753	0	0	0	0	0	3
ASV0754	0	0	0	1	1	2
ASV0755	0	0	0	0	1	0
ASV0756	0	0	0	0	1	1
ASV0757	0	0	0	0	1	0
ASV0758	0	0	0	1	0	0
ASV0759	0	0	0	3	2	0
ASV0760	16	8	7	0	0	0
ASV0761	0	0	0	0	1	0
ASV0762	0	0	0	0	1	0
ASV0763	0	0	0	0	1	1
ASV0764	0	0	0	0	1	0
ASV0765	0	0	0	0	1	0
ASV0766	0	0	0	0	1	0
ASV0767	0	1	0	0	0	0
ASV0768	0	0	0	1	0	0
ASV0769	0	0	0	1	0	0
ASV0770	0	75	1	32	133	249
ASV0771	0	0	0	36	49	32
ASV0772	0	0	0	1	0	0
ASV0773	0	0	0	1	0	0
ASV0774	0	0	0	0	15	0
ASV0775	14	19	8	0	0	0
ASV0776	0	0	0	1	0	2
ASV0777	0	0	0	2	0	0
ASV0778	0	0	0	1	0	0
ASV0779	0	0	0	1	0	0
ASV0780	0	0	0	34	10	6
ASV0781	0	0	0	0	0	1
ASV0782	2	1	1	0	0	0
ASV0783	0	0	0	0	1	0
ASV0784	0	0	0	0	1	0
ASV0785	0	0	0	0	0	1
ASV0786	0	0	0	0	0	1
ASV0787	0	0	0	0	0	1
ASV0788	0	0	0	1	0	0
ASV0789	0	0	0	1	0	0
ASV0790	14	4	8	0	0	0
ASV0791	0	0	0	1	0	0
ASV0792	0	0	0	1	0	0
ASV0793	0	0	0	1	0	0
ASV0794	0	0	0	4	1	0
ASV0795	0	0	0	1	0	0
ASV0796	0	0	0	1	0	0
ASV0797	0	0	0	2	0	1
ASV0798	0	0	0	28	0	0
ASV0799	0	0	0	1	1	0
ASV0800	1	0	0	0	0	0
ASV0801	15	33	11	5	6	7
ASV0802	0	0	0	2	0	0
ASV0803	0	0	0	1	0	0
ASV0804	0	0	0	3	6	1
ASV0805	0	0	0	1	1	0
ASV0806	0	0	0	4	0	6
ASV0807	0	0	0	0	0	1
ASV0808	0	0	0	0	0	1
ASV0809	0	0	0	41	62	33
ASV0810	0	0	0	0	0	1
ASV0811	0	3	1	0	0	0
ASV0812	0	0	0	1	5	8
ASV0813	0	0	0	0	0	1
ASV0814	0	0	0	1	0	0
ASV0815	0	0	0	5	0	0
ASV0816	0	0	0	7	3	6
ASV0817	0	0	0	2	0	16
ASV0818	1	1	0	0	0	0
ASV0819	0	0	0	0	2	2
ASV0820	0	0	0	1	0	36
ASV0821	0	0	0	0	3	0
ASV0822	0	0	0	0	1	1
ASV0823	0	0	0	0	0	2
ASV0824	0	1	2	0	0	0
ASV0825	0	0	0	0	1	0
ASV0826	0	0	0	0	3	0
ASV0827	0	0	0	1	2	0
ASV0828	0	0	0	15	30	9
ASV0829	0	0	0	0	1	0
ASV0830	0	0	0	0	0	1
ASV0831	0	0	0	0	0	2
ASV0832	0	0	0	1	0	0
ASV0833	0	0	0	1	0	0
ASV0834	0	0	0	0	1	0
ASV0835	0	0	0	1	0	0
ASV0836	4	0	2	1	0	0
ASV0837	12	15	9	0	0	0
ASV0838	0	0	3	0	0	0
ASV0839	0	0	0	35	0	8
ASV0840	0	0	2	0	0	0
ASV0841	0	0	0	0	1	0
ASV0842	0	0	0	3	0	0
ASV0843	0	0	0	0	1	0
ASV0844	0	0	0	1	0	0
ASV0845	0	0	0	1	0	0
ASV0846	142	93	146	1	1	0
ASV0847	0	0	0	0	0	1
ASV0848	0	0	0	0	0	1
ASV0849	86	35	21	0	0	0
ASV0850	0	0	0	0	0	1
ASV0851	0	0	0	0	0	1
ASV0852	0	0	0	2	0	1
ASV0853	0	0	1	0	0	0
ASV0854	0	0	0	0	0	1
ASV0855	0	0	0	0	0	1
ASV0856	0	0	0	0	0	1
ASV0857	2	2	1	0	0	0
ASV0858	1	0	0	0	0	0
ASV0859	0	0	0	0	1	0
ASV0860	0	0	0	2	19	0
ASV0861	0	0	0	3	0	5
ASV0862	0	0	0	1	0	0
ASV0863	11	3	4	5	22	6
ASV0864	22	30	15	0	0	0
ASV0865	0	0	0	2	0	1
ASV0866	0	0	0	1	0	0
ASV0867	0	0	0	26	6	0
ASV0868	0	0	0	0	0	2
ASV0869	0	0	0	220	436	361
ASV0870	0	0	0	54	1	10
ASV0871	0	0	0	3	0	1
ASV0872	0	0	0	0	0	1
ASV0873	0	0	0	0	1	1
ASV0874	0	3	0	0	0	0
ASV0875	0	0	0	0	1	0
ASV0876	0	0	0	0	1	0
ASV0877	0	0	0	0	1	0
ASV0878	0	0	0	2	6	0
ASV0879	0	0	0	0	0	1
ASV0880	0	0	0	5	17	0
ASV0881	0	0	0	4	2	12
ASV0882	0	0	0	0	0	1
ASV0883	0	0	0	0	0	1
ASV0884	0	0	0	0	0	1
ASV0885	0	0	0	0	0	1
ASV0886	0	0	0	2	1	7
ASV0887	0	0	1	0	0	0
ASV0888	0	0	0	106	0	0
ASV0889	0	0	0	1	0	0
ASV0890	0	0	0	0	12	0
ASV0891	0	0	0	0	3	0
ASV0892	0	0	0	2	0	0
ASV0893	0	0	0	1	0	0
ASV0894	0	0	0	1	0	0
ASV0895	0	0	0	2	0	0
ASV0896	0	0	0	0	0	1
ASV0897	0	0	0	1	0	0
ASV0898	0	0	2	0	0	0
ASV0899	0	0	0	12	5	22
ASV0900	5	3	3	0	0	0
ASV0901	0	0	0	1	1	0
ASV0902	0	0	0	1	0	0
ASV0903	0	0	0	1	0	1
ASV0904	0	0	0	0	0	3
ASV0905	0	0	0	0	0	1
ASV0906	0	0	0	0	0	1
ASV0907	0	0	0	1	0	0
ASV0908	0	0	0	1	2	0
ASV0909	0	4	1	8	7	13
ASV0910	0	0	0	1	0	0
ASV0911	0	0	0	0	1	0
ASV0912	0	0	0	1	5	0
ASV0913	0	0	0	0	0	1
ASV0914	0	0	0	0	0	1
ASV0915	0	0	0	0	0	1
ASV0916	0	1	0	0	0	0
ASV0917	0	0	0	2	0	0
ASV0918	0	0	0	14	10	22
ASV0919	0	0	0	1	0	0
ASV0920	0	0	0	1	0	0
ASV0921	0	0	0	2	0	0
ASV0922	0	0	0	4	1	1
ASV0923	0	0	0	0	1	0
ASV0924	0	0	0	0	0	2
ASV0925	0	0	0	1	0	1
ASV0926	0	0	0	0	0	1
ASV0927	0	0	0	1	0	0
ASV0928	0	0	0	20	56	31
ASV0929	0	0	0	2	0	0
ASV0930	0	0	0	0	1	0
ASV0931	0	0	0	1	1	0
ASV0932	0	0	0	0	1	0
ASV0933	0	0	0	18	4	4
ASV0934	0	0	0	1	0	0
ASV0935	2	1	2	0	0	0
ASV0936	0	0	0	1	0	0
ASV0937	0	0	0	7	3	0
ASV0938	0	1	0	155	23	177
ASV0939	0	0	0	0	3	1
ASV0940	0	0	0	2	0	0
ASV0941	0	0	0	4	0	1
ASV0942	0	0	0	1	0	0
ASV0943	0	0	0	70	20	147
ASV0944	1	0	0	0	0	0
ASV0945	0	0	0	1	0	0
ASV0946	0	0	0	2	0	2
ASV0947	0	0	0	1	0	3
ASV0948	0	0	0	0	0	1
ASV0949	0	0	0	0	0	1
ASV0950	0	0	0	1	0	6
ASV0951	0	0	0	6	0	4
ASV0952	0	0	0	0	0	1
ASV0953	0	0	0	0	0	1
ASV0954	43	50	56	0	0	0
ASV0955	0	0	0	0	0	1
ASV0956	0	0	0	0	0	1
ASV0957	0	0	0	0	0	1
ASV0958	0	1	0	0	0	0
ASV0959	0	0	0	1	1	2
ASV0960	0	0	0	0	1	0
ASV0961	0	0	0	0	10	0
ASV0962	0	0	0	0	5	1
ASV0963	0	0	0	0	1	0
ASV0964	0	0	0	1	0	1
ASV0965	1	2	0	1525	987	2559
ASV0966	212	278	267	29	0	0
ASV0967	0	4	1	4	0	0
ASV0968	0	0	0	1	0	0
ASV0969	0	0	0	1	0	0
ASV0970	0	0	0	1	0	0
ASV0971	0	0	0	1	1	0
ASV0972	0	0	0	0	1	0
ASV0973	0	0	0	1	0	0
ASV0974	0	0	0	0	1	0
ASV0975	0	0	0	1	0	0
ASV0976	2	1	2	0	0	0
ASV0977	0	0	0	5	4	14
ASV0978	0	0	0	1	0	0
ASV0979	0	0	0	0	1	0
ASV0980	0	0	0	1	0	0
ASV0981	0	0	0	1	0	0
ASV0982	0	0	0	0	2	0
ASV0983	0	0	0	2	4	7
ASV0984	0	0	0	1	0	0
ASV0985	180	176	125	0	0	0
ASV0986	0	0	0	1	0	0
ASV0987	0	0	0	1	0	0
ASV0988	0	0	0	1	0	0
ASV0989	0	0	0	1	0	0
ASV0990	0	0	0	0	0	1
ASV0991	0	0	0	0	0	2
ASV0992	1	0	0	0	0	0
ASV0993	0	0	0	2	0	0
ASV0994	0	0	0	1	0	0
ASV0995	7	7	1	0	0	0
ASV0996	0	0	0	1	0	0
ASV0997	0	0	1	0	0	0
ASV0998	0	1	0	0	0	0
ASV0999	0	0	0	1	0	0
ASV1000	0	0	0	0	0	1
ASV1001	0	0	0	0	0	1
ASV1002	0	0	2	1	0	0
ASV1003	0	0	0	10	0	0
ASV1004	0	0	0	8	6	13
ASV1005	0	0	0	19	1	0
ASV1006	0	0	0	1	0	0
ASV1007	0	0	1	0	0	0
ASV1008	0	0	0	0	0	2
ASV1009	1	1	0	7	1	10
ASV1010	0	0	0	0	0	1
ASV1011	0	0	0	0	0	1
ASV1012	2	0	0	0	0	0
ASV1013	0	0	0	4	43	9
ASV1014	0	0	0	0	1	1
ASV1015	0	0	0	0	1	0
ASV1016	0	0	0	1	1	0
ASV1017	0	0	0	0	2	0
ASV1018	0	0	0	0	1	0
ASV1019	0	0	0	0	1	0
ASV1020	1	0	0	0	0	0
ASV1021	0	0	0	1	0	2
ASV1022	0	0	0	0	0	1
ASV1023	0	0	0	0	1	0
ASV1024	0	0	0	2	5	3
ASV1025	0	0	0	0	1	0
ASV1026	0	0	0	0	2	0
ASV1027	0	0	0	9	5	7
ASV1028	0	0	0	0	1	0
ASV1029	0	0	0	0	1	0
ASV1030	0	0	0	0	1	0
ASV1031	0	0	0	0	1	0
ASV1032	0	0	1	0	0	0
ASV1033	3	0	2	1	0	0
ASV1034	0	0	0	24	19	10
ASV1035	0	0	0	1	0	0
ASV1036	0	0	0	1	0	0
ASV1037	0	0	0	1	0	0
ASV1038	0	0	0	1	0	0
ASV1039	0	0	0	1	17	3
ASV1040	0	0	4	1	0	1
ASV1041	0	0	0	1	0	0
ASV1042	0	0	0	0	1	0
ASV1043	0	16	0	8	29	64
ASV1044	0	0	0	1	0	0
ASV1045	0	0	1	0	0	0
ASV1046	7	16	3	0	0	0
ASV1047	0	0	0	1	0	0
ASV1048	0	0	0	1	1	0
ASV1049	1	0	0	0	0	0
ASV1050	0	0	0	0	0	1
ASV1051	0	0	0	5	38	95
ASV1052	1	6	3	0	0	0
ASV1053	0	0	0	0	1	0
ASV1054	0	0	1	3	0	3
ASV1055	0	0	0	0	0	1
ASV1056	0	0	4	0	4	2
ASV1057	0	0	0	1	0	0
ASV1058	0	0	0	1	0	0
ASV1059	0	0	0	0	1	0
ASV1060	0	0	0	1	0	0
ASV1061	0	0	0	1	0	0
ASV1062	0	0	0	5	231	428
ASV1063	0	0	0	0	0	86
ASV1064	0	0	0	1	0	0
ASV1065	0	0	0	1	0	0
ASV1066	0	0	0	1	0	0
ASV1067	0	0	2	0	0	0
ASV1068	0	0	0	0	0	1
ASV1069	0	0	0	1	0	0
ASV1070	0	0	0	0	2	0
ASV1071	0	0	0	1	0	0
ASV1072	1	0	1	0	0	0
ASV1073	0	0	0	13	0	14
ASV1074	0	0	0	0	0	1
ASV1075	0	0	0	1	3	3
ASV1076	0	0	0	0	1	0
ASV1077	0	0	0	2	0	1
ASV1078	0	0	0	0	0	1
ASV1079	0	0	0	0	0	1
ASV1080	0	0	0	1	0	1
ASV1081	0	0	0	0	1	0
ASV1082	0	0	0	20	39	35
ASV1083	0	0	0	1	0	0
ASV1084	0	0	0	2	0	0
ASV1085	0	0	0	1	0	0
ASV1086	0	0	0	1	0	0
ASV1087	0	0	0	5	16	5
ASV1088	0	0	0	1	0	0
ASV1089	0	0	0	1	0	0
ASV1090	0	0	0	2	0	0
ASV1091	0	0	0	0	1	0
ASV1092	0	0	0	0	1	0
ASV1093	66	56	58	0	5	5
ASV1094	0	0	0	1	0	0
ASV1095	7	0	2	0	0	0
ASV1096	0	1	0	0	0	0
ASV1097	1	0	0	0	0	0
ASV1098	0	8	1	0	0	0
ASV1099	0	0	0	0	1	0
ASV1100	0	0	0	0	0	1
ASV1101	52	37	133	3	3	11
ASV1102	0	0	0	3	1	0
ASV1103	0	0	0	2	0	0
ASV1104	0	0	0	1	0	0
ASV1105	0	0	0	1	0	0
ASV1106	0	0	0	0	0	2
ASV1107	0	0	0	0	0	2
ASV1108	0	0	0	4	3	1
ASV1109	0	0	0	0	0	2
ASV1110	0	1	0	0	0	0
ASV1111	0	1	0	0	0	0
ASV1112	42	24	23	17	5	12
ASV1113	0	0	0	1	0	1
ASV1114	0	0	0	1	1	4
ASV1115	0	0	0	1	0	7
ASV1116	0	0	0	0	1	0
ASV1117	0	0	0	0	0	1
ASV1118	0	0	0	0	1	0
ASV1119	0	0	0	0	1	0
ASV1120	0	0	0	0	1	1
ASV1121	0	0	0	0	0	1
ASV1122	0	0	0	5	6	7
ASV1123	8	6	23	0	0	0
ASV1124	0	0	3	0	0	0
ASV1125	0	0	0	1	0	0
ASV1126	0	0	0	1	0	0
ASV1127	0	0	0	2	0	0
ASV1128	0	1	0	0	0	0
ASV1129	0	0	0	1	0	0
ASV1130	0	1	0	0	0	0
ASV1131	0	0	0	6	8	62
ASV1132	0	0	1	0	0	0
ASV1133	0	0	0	0	0	2
ASV1134	0	0	0	0	0	1
ASV1135	0	0	0	0	0	1
ASV1136	0	0	0	4	6	2
ASV1137	0	0	0	0	0	1
ASV1138	18	6	2	0	0	0
ASV1139	0	0	0	0	0	1
ASV1140	0	0	0	61	4	72
ASV1141	0	0	0	0	0	1
ASV1142	0	0	0	1	0	0
ASV1143	0	0	0	3	0	9
ASV1144	0	0	0	2	3	1
ASV1145	0	0	0	1	0	0
ASV1146	0	0	0	1	0	1
ASV1147	0	0	0	8	0	1
ASV1148	0	0	0	0	1	0
ASV1149	0	0	0	0	1	0
ASV1150	0	1	1	0	0	0
ASV1151	0	0	0	17	3	25
ASV1152	0	0	0	0	0	1
ASV1153	0	0	0	1	0	2
ASV1154	1	4	0	0	0	1
ASV1155	0	0	0	0	0	1
ASV1156	0	0	0	0	0	1
ASV1157	0	0	0	0	0	1
ASV1158	0	0	0	0	0	1
ASV1159	1	0	0	0	0	0
ASV1160	1	0	0	0	0	0
ASV1161	432	176	45	0	0	0
ASV1162	0	0	0	54	2	13
ASV1163	3	0	0	0	0	0
ASV1164	0	0	0	0	1	0
ASV1165	0	0	0	0	4	1
ASV1166	0	0	0	1	0	0
ASV1167	0	0	0	1	0	0
ASV1168	0	0	0	0	0	1
ASV1169	0	0	0	0	0	1
ASV1170	3	4	0	6	10	58
ASV1171	0	0	0	0	0	1
ASV1172	0	0	0	1	0	0
ASV1173	0	0	0	1	0	0
ASV1174	0	0	0	1	0	0
ASV1175	0	0	0	1	0	0
ASV1176	0	0	0	1	0	0
ASV1177	0	0	0	3	2	0
ASV1178	0	0	0	1	0	0
ASV1179	8	3	56	32	1	9
ASV1180	1	0	1	44	19	20
ASV1181	0	0	0	1	0	0
ASV1182	0	0	0	1	2	2
ASV1183	0	1	0	0	0	0
ASV1184	0	1	0	0	0	0
ASV1185	0	1	0	0	0	0
ASV1186	0	0	1	0	0	0
ASV1187	0	0	0	0	0	2
ASV1188	0	0	0	0	0	1
ASV1189	190	121	86	0	0	0
ASV1190	0	0	0	0	0	1
ASV1191	0	0	0	3	1	0
ASV1192	0	0	0	0	0	1
ASV1193	1	0	0	0	0	0
ASV1194	0	0	0	1	0	0
ASV1195	0	0	0	0	1	0
ASV1196	0	0	0	0	2	0
ASV1197	0	0	0	0	2	0
ASV1198	0	0	0	2	0	3
ASV1199	0	0	0	2	0	32
ASV1200	0	0	0	0	1	0
ASV1201	1	0	1	0	0	0
ASV1202	0	0	0	5	2	10
ASV1203	0	0	0	0	1	0
ASV1204	0	0	0	0	3	0
ASV1205	0	0	0	0	1	0
ASV1206	0	0	0	1	0	0
ASV1207	0	0	0	1	6	5
ASV1208	0	1	0	0	0	0
ASV1209	1	0	1	0	0	0
ASV1210	0	0	0	0	1	0
ASV1211	0	0	0	1	8	0
ASV1212	0	0	0	0	1	0
ASV1213	0	0	0	1	1	0
ASV1214	0	0	0	1	0	0
ASV1215	0	0	0	4	3	1
ASV1216	0	0	0	0	1	0
ASV1217	0	0	0	77	3	0
ASV1218	0	0	0	0	1	1
ASV1219	0	0	0	1	0	0
ASV1220	0	0	0	0	1	0
ASV1221	0	0	0	2	0	0
ASV1222	0	0	0	1	0	0
ASV1223	0	0	0	1	0	0
ASV1224	0	0	0	1	0	0
ASV1225	0	0	0	1	0	0
ASV1226	0	0	0	3	2	18
ASV1227	0	0	1	0	0	0
ASV1228	0	0	0	1	0	0
ASV1229	0	0	0	0	1	0
ASV1230	0	0	0	0	1	0
ASV1231	0	0	0	0	1	1
ASV1232	0	2	5	0	0	0
ASV1233	0	1	0	0	0	0
ASV1234	31	2	3	0	0	0
ASV1235	0	1	0	0	0	0
ASV1236	0	0	0	0	0	1
ASV1237	0	0	0	4	14	9
ASV1238	0	0	0	0	5	0
ASV1239	0	0	0	0	1	0
ASV1240	0	0	0	0	0	1
ASV1241	0	0	0	0	0	1
ASV1242	0	0	0	0	0	1
ASV1243	8	3	0	0	0	0
ASV1244	0	0	0	1	0	0
ASV1245	0	1	0	1	1	1
ASV1246	0	0	0	6	0	0
ASV1247	0	0	0	1	1	2
ASV1248	0	0	0	0	1	0
ASV1249	0	0	0	0	2	0
ASV1250	0	0	0	0	1	0
ASV1251	0	0	0	0	0	1
ASV1252	0	0	0	0	0	2
ASV1253	0	0	0	2	0	0
ASV1254	201	275	134	0	0	0
ASV1255	0	0	0	14	47	16
ASV1256	0	0	0	2	0	0
ASV1257	0	0	0	0	4	3
ASV1258	0	0	0	1	0	0
ASV1259	0	0	0	1	0	1
ASV1260	0	0	0	1	0	0
ASV1261	5	3	6	0	0	0
ASV1262	0	0	0	0	1	0
ASV1263	0	0	0	1	1	1
ASV1264	0	0	0	1	0	0
ASV1265	0	0	0	40	471	1
ASV1266	0	0	2	0	0	0
ASV1267	0	0	0	1	0	0
ASV1268	0	0	0	2	0	0
ASV1269	0	0	0	1	0	0
ASV1270	0	0	0	3	0	0
ASV1271	0	0	1	0	0	0
ASV1272	0	0	0	1	0	0
ASV1273	0	0	0	0	0	1
ASV1274	1	0	0	0	0	0
ASV1275	0	0	0	0	1	1
ASV1276	1	1	0	0	0	0
ASV1277	0	0	0	1	0	0
ASV1278	0	0	0	1	0	0
ASV1279	1	0	0	0	0	0
ASV1280	0	0	0	2	7	60
ASV1281	0	0	0	2	0	1
ASV1282	0	0	0	0	1	4
ASV1283	0	0	0	1	0	0
ASV1284	0	0	0	0	1	0
ASV1285	0	0	0	95	142	63
ASV1286	0	0	0	1	1	0
ASV1287	0	0	0	1	0	0
ASV1288	0	0	0	2	0	0
ASV1289	0	0	0	0	1	0
ASV1290	0	0	0	2	1	3
ASV1291	0	0	0	1	0	0
ASV1292	0	0	0	0	1	0
ASV1293	1	4	1	0	0	0
ASV1294	0	2	0	3	0	1
ASV1295	0	0	0	1	0	0
ASV1296	0	0	0	1	0	0
ASV1297	0	1	1	0	0	0
ASV1298	0	1	1	0	0	0
ASV1299	0	0	0	0	2	0
ASV1300	0	0	0	0	1	0
ASV1301	0	0	0	1	0	0
ASV1302	0	0	0	1	0	0
ASV1303	0	0	0	0	1	0
ASV1304	1	0	0	4	15	0
ASV1305	0	0	0	122	10	127
ASV1306	0	0	0	1	0	0
ASV1307	9	10	8	0	0	0
ASV1308	0	1	0	0	0	0
ASV1309	1	1	0	0	0	0
ASV1310	0	0	0	86	11	48
ASV1311	0	0	0	0	0	1
ASV1312	0	0	0	0	0	1
ASV1313	0	0	0	0	0	1
ASV1314	1391	1222	2211	0	0	0
ASV1315	0	0	1	0	0	0
ASV1316	1	1	0	0	0	0
ASV1317	0	0	0	0	1	0
ASV1318	0	0	0	0	1	1
ASV1319	0	0	0	0	0	1
ASV1320	0	0	0	0	2	1
ASV1321	1	0	1	1	0	0
ASV1322	0	0	0	0	0	1
ASV1323	0	0	0	0	0	4
ASV1324	0	0	0	1	0	0
ASV1325	0	0	0	1	0	0
ASV1326	0	0	0	0	1	0
ASV1327	0	0	0	1	1	0
ASV1328	0	0	0	1	0	0
ASV1329	0	0	0	1	0	0
ASV1330	0	0	0	2	0	0
ASV1331	9	8	17	0	0	7
ASV1332	0	0	0	1	0	0
ASV1333	0	0	0	1	0	0
ASV1334	0	0	0	1	0	0
ASV1335	0	0	0	1	0	0
ASV1336	0	0	0	0	1	0
ASV1337	0	0	0	1	0	0
ASV1338	0	0	1	0	0	0
ASV1339	0	0	0	0	1	0
ASV1340	0	0	0	0	0	1
ASV1341	0	0	0	21	0	1
ASV1342	0	0	0	1	0	0
ASV1343	0	0	0	0	0	1
ASV1344	0	2	1	0	0	0
ASV1345	1	0	0	0	0	0
ASV1346	0	0	0	0	0	1
ASV1347	0	0	0	0	0	1
ASV1348	0	0	0	1	0	0
ASV1349	109	163	137	1	0	2
ASV1350	43	12	27	17	12	16
ASV1351	0	0	0	1	0	0
ASV1352	0	1	1	0	0	0
ASV1353	0	0	0	1	0	0
ASV1354	0	0	0	1	0	0
ASV1355	0	0	0	0	1	0
ASV1356	0	0	0	0	0	2
ASV1357	0	0	0	3	1	2
ASV1358	0	4	0	3	7	23
ASV1359	0	0	0	0	0	1
ASV1360	0	0	0	0	0	1
ASV1361	0	0	0	0	0	2
ASV1362	0	0	0	1	0	0
ASV1363	0	0	0	3	0	0
ASV1364	0	0	0	0	1	0
ASV1365	0	0	0	0	3	0
ASV1366	0	0	0	0	0	1
ASV1367	0	0	0	0	0	1
ASV1368	0	0	0	4	1	2
ASV1369	0	0	0	9	1	0
ASV1370	0	0	0	0	0	2
ASV1371	0	0	0	0	0	1
ASV1372	0	0	0	1	0	0
ASV1373	0	0	0	1	0	0
ASV1374	0	0	0	2	0	1
ASV1375	0	0	0	1	0	0
ASV1376	0	0	0	0	1	0
ASV1377	0	0	0	1	2	1
ASV1378	0	0	0	1	0	0
ASV1379	0	0	0	1	0	0
ASV1380	0	0	0	70	0	1
ASV1381	0	0	0	1	0	0
ASV1382	0	0	0	1	1	0
ASV1383	0	0	0	0	1	0
ASV1384	0	0	0	0	1	0
ASV1385	0	0	0	2	4	1
ASV1386	0	0	0	1	0	0
ASV1387	0	0	0	0	5	2
ASV1388	0	0	0	0	1	0
ASV1389	0	0	1	0	0	0
ASV1390	0	0	0	36	7	9
ASV1391	0	0	1	0	0	0
ASV1392	0	0	0	1	0	0
ASV1393	0	0	0	0	0	1
ASV1394	0	0	0	0	1	7
ASV1395	0	0	0	0	0	1
ASV1396	0	0	0	0	1	0
ASV1397	0	0	0	1	0	0
ASV1398	0	0	0	7	92	15
ASV1399	0	0	0	1	0	0
ASV1400	0	0	0	0	0	1
ASV1401	0	0	0	8	3	7
ASV1402	9	13	7	0	0	0
ASV1403	0	0	0	0	1	0
ASV1404	0	0	0	1	0	0
ASV1405	0	0	0	2	0	0
ASV1406	0	0	0	0	2	0
ASV1407	0	0	0	18	22	20
ASV1408	9	11	4	0	0	0
ASV1409	0	0	0	0	0	2
ASV1410	0	0	0	1	4	1
ASV1411	1	0	0	0	0	0
ASV1412	1	0	0	0	0	0
ASV1413	0	0	0	0	1	0
ASV1414	0	0	0	1	2	1
ASV1415	9	13	8	16	0	11
ASV1416	0	0	0	1	0	0
ASV1417	0	0	0	0	1	0
ASV1418	0	0	0	0	1	0
ASV1419	0	0	0	0	1	0
ASV1420	0	0	0	1	0	0
ASV1421	0	0	0	0	1	0
ASV1422	0	0	0	0	1	0
ASV1423	0	0	0	0	1	0
ASV1424	21	6	38	2	0	3
ASV1425	0	0	0	1	0	0
ASV1426	0	0	1	0	0	0
ASV1427	0	1	0	0	0	0
ASV1428	0	0	0	0	0	1
ASV1429	0	0	0	0	0	1
ASV1430	0	0	0	0	0	1
ASV1431	0	0	0	1	0	2
ASV1432	0	0	0	0	0	1
ASV1433	0	0	0	0	0	1
ASV1434	0	0	0	9	1	17
ASV1435	0	0	0	0	0	1
ASV1436	0	0	0	0	0	1
ASV1437	0	0	0	0	0	1
ASV1438	0	0	0	0	0	2
ASV1439	0	0	0	1	0	0
ASV1440	0	0	0	0	0	2
ASV1441	0	0	0	0	0	1
ASV1442	2	0	0	0	0	0
ASV1443	0	0	0	340	6	0
ASV1444	21	56	14	0	0	0
ASV1445	2	1	0	0	0	0
ASV1446	4	2	0	0	0	0
ASV1447	6	12	9	0	0	0
ASV1448	0	0	0	0	1	0
ASV1449	0	0	0	0	1	0
ASV1450	0	0	0	0	2	0
ASV1451	0	0	0	0	1	0
ASV1452	0	0	0	0	1	0
ASV1453	0	0	0	1	0	0
ASV1454	0	0	0	1	0	4
ASV1455	34	7	7	0	0	0
ASV1456	0	0	0	0	1	0
ASV1457	0	0	0	0	1	0
ASV1458	0	0	0	0	1	0
ASV1459	0	0	0	3	7	0
ASV1460	0	0	0	0	1	0
ASV1461	0	0	0	0	1	0
ASV1462	0	0	0	1	0	1
ASV1463	0	1	0	0	0	0
ASV1464	0	0	0	0	0	1
ASV1465	0	0	0	5	2	6
ASV1466	0	0	0	0	0	1
ASV1467	0	0	0	0	0	5
ASV1468	0	0	0	0	0	1
ASV1469	0	0	0	0	0	1
ASV1470	0	0	0	0	0	1
ASV1471	0	0	0	1	0	0
ASV1472	0	0	0	0	1	1
ASV1473	0	0	0	0	1	0
ASV1474	0	0	0	0	1	0
ASV1475	0	0	0	0	4	2
ASV1476	0	0	0	90	42	18
ASV1477	1	4	0	0	0	0
ASV1478	0	0	0	0	2	2
ASV1479	0	0	0	1	1	0
ASV1480	0	0	0	0	0	1
ASV1481	0	0	0	12	0	11
ASV1482	0	0	0	0	1	0
ASV1483	0	0	0	0	1	0
ASV1484	11	14	6	0	0	0
ASV1485	58	30	19	0	0	0
ASV1486	0	0	0	1	0	0
ASV1487	0	0	0	0	0	2
ASV1488	0	0	0	0	0	2
ASV1489	6	6	2	0	0	0
ASV1490	0	0	0	3	11	0
ASV1491	0	0	0	0	2	0
ASV1492	0	0	0	0	0	1
ASV1493	0	0	1	0	0	0
ASV1494	0	0	0	1	0	0
ASV1495	12	0	2	2	2	2
ASV1496	0	0	0	3	3	5
ASV1497	0	0	0	0	1	0
ASV1498	0	0	0	7	1	9
ASV1499	1	3	3	0	0	0
ASV1500	1	2	6	0	0	0
ASV1501	0	1	0	0	0	0
ASV1502	0	0	0	108	14	72
ASV1503	0	0	0	0	2	3
ASV1504	0	0	0	1	0	0
ASV1505	0	0	0	17	43	10
ASV1506	0	0	0	2	0	0
ASV1507	0	0	0	9	3	5
ASV1508	0	0	0	0	1	0
ASV1509	0	0	0	1	5	0
ASV1510	0	0	0	1	0	0
ASV1511	0	0	0	1	0	0
ASV1512	0	0	0	1	0	0
ASV1513	0	0	0	1	1	11
ASV1514	0	0	0	22	5	6
ASV1515	1	0	0	0	0	0
ASV1516	0	0	0	0	0	1
ASV1517	1	0	0	0	0	0
ASV1518	0	0	0	0	0	1
ASV1519	0	0	0	0	1	0
ASV1520	0	0	0	0	1	0
ASV1521	0	0	0	0	2	0
ASV1522	0	0	0	1	0	2
ASV1523	0	0	0	0	1	0
ASV1524	0	0	0	0	1	0
ASV1525	0	0	0	0	0	1
ASV1526	0	0	0	1	0	0
ASV1527	0	0	0	1	0	0
ASV1528	0	0	0	1	1	0
ASV1529	0	0	0	0	2	0
ASV1530	0	0	0	1	0	0
ASV1531	0	0	0	1	0	0
ASV1532	69	22	10	0	0	0
ASV1533	14	10	18	0	0	0
ASV1534	0	0	0	2	1	1
ASV1535	0	0	0	0	1	0
ASV1536	0	0	0	6	0	2
ASV1537	0	0	0	0	1	0
ASV1538	23	27	20	0	0	0
ASV1539	0	0	0	1	0	1
ASV1540	0	0	0	0	1	0
ASV1541	0	0	0	0	7	1
ASV1542	0	0	0	0	1	0
ASV1543	0	0	0	343	20	379
ASV1544	0	0	0	4	21	46
ASV1545	4	2	1	0	0	0
ASV1546	0	1	0	0	0	0
ASV1547	40	46	29	0	0	0
ASV1548	1	0	0	0	0	0
ASV1549	2	1	1	0	0	0
ASV1550	1	0	0	0	0	0
ASV1551	0	0	0	2	30	0
ASV1552	0	0	0	0	0	1
ASV1553	0	0	0	1	0	0
ASV1554	0	0	0	3	0	0
ASV1555	0	0	0	1	0	0
ASV1556	0	0	0	0	1	0
ASV1557	0	0	1	0	0	0
ASV1558	17	7	7	26	3	24
ASV1559	0	0	0	79	0	0
ASV1560	0	0	0	0	1	0
ASV1561	0	0	0	0	1	0
ASV1562	0	0	0	0	2	0
ASV1563	0	0	0	0	2	0
ASV1564	0	0	0	0	0	1
ASV1565	0	0	0	1	1	0
ASV1566	0	0	0	1	0	0
ASV1567	0	0	0	0	1	0
ASV1568	0	0	0	49	3	8
ASV1569	0	0	0	1	11	26
ASV1570	0	0	0	1	0	0
ASV1571	0	0	0	1	0	0
ASV1572	0	0	0	0	1	0
ASV1573	0	0	0	1	0	0
ASV1574	2	0	0	0	0	0
ASV1575	0	1	0	0	0	0
ASV1576	0	0	0	0	3	4
ASV1577	0	0	0	1	1	4
ASV1578	0	0	0	12	4	2
ASV1579	28	17	7	0	0	0
ASV1580	0	0	0	1	0	0
ASV1581	0	0	0	0	2	15
ASV1582	0	0	0	0	0	1
ASV1583	0	0	0	0	0	1
ASV1584	0	0	0	0	0	1
ASV1585	0	0	0	0	0	1
ASV1586	0	0	0	1	0	0
ASV1587	0	0	0	0	1	0
ASV1588	0	0	0	2	1	0
ASV1589	0	1	0	0	0	0
ASV1590	0	0	0	0	2	2
ASV1591	0	0	0	0	0	1
ASV1592	0	0	0	0	0	1
ASV1593	48	19	3	1	5	1
ASV1594	0	0	0	3	0	2
ASV1595	0	0	0	0	1	0
ASV1596	0	0	0	0	0	1
ASV1597	0	2	2	1	0	1
ASV1598	0	0	0	1	0	1
ASV1599	0	0	0	8	0	1
ASV1600	0	0	1	0	0	0
ASV1601	0	0	0	0	2	0
ASV1602	0	0	0	0	5	0
ASV1603	0	0	0	0	1	0
ASV1604	0	0	0	47	60	32
ASV1605	1	4	0	0	0	0
ASV1606	0	0	0	0	0	1
ASV1607	0	0	0	0	1	0
ASV1608	58	19	11	0	0	0
ASV1609	0	0	0	0	0	1
ASV1610	0	0	0	0	0	1
ASV1611	0	0	0	1	0	1
ASV1612	0	0	0	2	0	0
ASV1613	0	0	0	1	0	0
ASV1614	0	0	0	1	0	0
ASV1615	0	0	0	36	47	59
ASV1616	0	0	0	0	0	1
ASV1617	0	0	0	4	7	11
ASV1618	0	0	0	0	0	1
ASV1619	0	0	0	1	1	0
ASV1620	0	0	0	2	0	1
ASV1621	0	0	0	0	2	3
ASV1622	0	0	0	2	0	0
ASV1623	0	0	0	0	1	0
ASV1624	0	0	0	0	1	0
ASV1625	0	0	0	57	4	43
ASV1626	0	0	0	0	0	1
ASV1627	0	0	0	1	0	0
ASV1628	0	0	0	0	1	0
ASV1629	0	0	0	1	0	0
ASV1630	0	0	0	1	0	0
ASV1631	0	0	0	2	0	0
ASV1632	0	0	0	1	0	0
ASV1633	0	0	0	0	2	0
ASV1634	0	0	0	396	0	0
ASV1635	0	0	0	18	88	18
ASV1636	0	0	0	0	1	0
ASV1637	0	0	0	0	1	0
ASV1638	0	0	0	0	1	0
ASV1639	0	2	0	0	0	0
ASV1640	0	0	1	0	0	0
ASV1641	0	0	0	0	1	4
ASV1642	0	0	0	0	0	1
ASV1643	0	0	0	0	0	1
ASV1644	40	40	35	0	0	0
ASV1645	0	0	0	0	1	0
ASV1646	0	0	0	1	0	0
ASV1647	0	0	0	0	0	2
ASV1648	0	0	0	0	1	0
ASV1649	0	0	0	0	7	0
ASV1650	0	1	1	0	0	0
ASV1651	10	21	7	0	0	0
ASV1652	3	7	1	0	0	1
ASV1653	0	0	0	1	0	0
ASV1654	0	0	0	1	0	0
ASV1655	0	0	0	1	0	0
ASV1656	0	0	0	1	0	0
ASV1657	0	0	0	1	0	0
ASV1658	0	0	0	0	0	1
ASV1659	0	0	0	0	0	1
ASV1660	0	1	0	0	0	0
ASV1661	0	0	0	0	1	0
ASV1662	14	4	7	1	3	4
ASV1663	0	0	0	1	16	0
ASV1664	9	6	10	0	0	0
ASV1665	0	0	0	0	0	2
ASV1666	0	0	0	4	0	3
ASV1667	0	0	0	0	0	2
ASV1668	0	0	0	1	0	0
ASV1669	0	0	0	1	0	0
ASV1670	0	0	0	0	0	2
ASV1671	0	0	0	7	24	9
ASV1672	0	0	0	6	4	2
ASV1673	0	0	0	1	0	0
ASV1674	0	0	0	0	0	1
ASV1675	0	0	0	5	0	1
ASV1676	0	0	0	0	0	4
ASV1677	0	0	0	0	1	0
ASV1678	0	0	0	1	0	0
ASV1679	4	9	2	0	1	6
ASV1680	0	0	0	2	0	0
ASV1681	0	0	0	6	17	11
ASV1682	0	0	0	1	0	0
ASV1683	0	0	0	11	10	26
ASV1684	0	0	0	1	0	0
ASV1685	0	0	0	1	0	0
ASV1686	0	0	0	1	0	0
ASV1687	1	0	1	1	2	0
ASV1688	0	0	0	0	1	0
ASV1689	0	0	0	4	2	1
ASV1690	0	0	0	0	1	0
ASV1691	7	6	3	18	2	11
ASV1692	21	21	16	5	24	8
ASV1693	0	0	0	6	3	0
ASV1694	0	0	0	0	1	0
ASV1695	0	0	0	0	1	0
ASV1696	0	0	0	0	1	0
ASV1697	1	0	0	0	0	0
ASV1698	0	0	0	1	0	0
ASV1699	0	0	0	1	0	0
ASV1700	0	0	0	3	4	0
ASV1701	0	0	0	1	0	0
ASV1702	0	1	0	0	0	0
ASV1703	0	0	0	9	14	6
ASV1704	0	0	0	0	0	3
ASV1705	1	0	0	0	0	0
ASV1706	0	0	0	0	0	1
ASV1707	0	0	0	0	1	1
ASV1708	5	16	4	0	0	0
ASV1709	0	0	0	3	2	5
ASV1710	0	0	0	0	0	1
ASV1711	0	0	0	2	0	0
ASV1712	0	0	0	0	1	0
ASV1713	0	0	0	1	0	0
ASV1714	0	0	0	1	0	0
ASV1715	0	0	0	0	1	0
ASV1716	0	0	0	4	2	2
ASV1717	0	0	0	28	17	13
ASV1718	0	0	0	1	0	0
ASV1719	0	0	0	0	5	1
ASV1720	0	0	0	0	1	0
ASV1721	0	0	0	0	1	0
ASV1722	0	1	0	0	0	0
ASV1723	0	0	0	0	0	1
ASV1724	1	0	0	0	0	2
ASV1725	0	0	0	3	0	1
ASV1726	0	0	0	0	0	1
ASV1727	0	0	0	3	0	12
ASV1728	0	0	0	0	1	3
ASV1729	1	0	0	0	0	0
ASV1730	1090	856	1729	0	0	0
ASV1731	0	0	0	7	8	0
ASV1732	0	0	0	0	0	1
ASV1733	0	0	0	1	0	0
ASV1734	0	0	0	1	0	0
ASV1735	1	2	0	0	0	0
ASV1736	0	0	0	0	0	1
ASV1737	0	0	0	0	0	1
ASV1738	0	0	0	0	0	1
ASV1739	0	0	0	0	0	1
ASV1740	0	0	0	3	1	1
ASV1741	0	0	0	1	0	1
ASV1742	0	0	0	1	0	0
ASV1743	0	0	0	1	0	0
ASV1744	0	0	0	2	1	0
ASV1745	0	0	0	0	1	0
ASV1746	0	0	0	0	0	1
ASV1747	0	0	0	5	2	19
ASV1748	0	0	0	0	2	1
ASV1749	0	0	0	1	1	1
ASV1750	0	0	0	0	1	0
ASV1751	1	7	1	31	11	27
ASV1752	0	0	0	0	1	0
ASV1753	0	0	0	0	2	0
ASV1754	0	0	0	0	1	0
ASV1755	0	0	0	2	1	1
ASV1756	0	0	0	5	42	9
ASV1757	0	0	0	1	1	0
ASV1758	17	25	26	0	0	0
ASV1759	0	0	0	14	5	6
ASV1760	0	0	1	0	0	1
ASV1761	0	0	0	24	0	14
ASV1762	58	52	73	0	0	0
ASV1763	0	0	0	4	389	49
ASV1764	0	0	0	0	59	9
ASV1765	0	0	0	17	0	0
ASV1766	0	0	0	19	21	19
ASV1767	0	0	0	1	13	4
ASV1768	0	0	0	67	1	0
ASV1769	0	0	0	6	10	6
ASV1770	0	0	0	23	0	0
ASV1771	5	2	20	19	2	8
ASV1772	0	0	0	6	27	53
ASV1773	23	27	15	2	11	28
ASV1774	0	0	0	2486	201	1206
ASV1775	0	0	0	206	160	173
ASV1776	0	0	0	0	4	1
ASV1777	0	0	0	0	0	17
ASV1778	0	0	0	43	6	75
ASV1779	32	12	6	5	33	7
ASV1780	0	48	1	0	0	0
ASV1781	10	11	0	0	0	0
ASV1782	0	0	0	43	0	0
ASV1783	0	0	0	13	0	3
ASV1784	0	0	0	2	19	1
ASV1785	0	0	0	6	3	3
ASV1786	412	427	303	246	100	250
ASV1787	0	0	0	41	69	26
ASV1788	0	0	0	47	0	23
ASV1789	0	4	0	15	4	0
ASV1790	1	3	13	5	16	12
ASV1791	2	4	6	4	5	10
ASV1792	3	5	1	0	0	0
ASV1793	14	18	45	4	1	5
ASV1794	0	0	0	48	27	93
ASV1795	0	0	0	4	1	17
ASV1796	0	0	0	23	1	14
ASV1797	349	204	145	0	0	0
ASV1798	1	2	0	0	0	0
ASV1799	0	0	0	1	1	0
ASV1800	0	0	0	2	9	3
ASV1801	0	0	0	6	0	18
ASV1802	0	0	0	0	0	27
ASV1803	0	0	0	1	20	3
ASV1804	0	0	0	14	7	4
ASV1805	0	0	0	23	0	0
ASV1806	0	0	0	48	2	52
ASV1807	0	0	0	9	7	9
ASV1808	6	25	3	275	134	194
ASV1809	0	0	0	2	6	1
ASV1810	0	0	0	12	10	0
ASV1811	0	0	0	15	2	1
ASV1812	0	0	0	8	0	21
ASV1813	9	1	2	1	0	1
ASV1814	0	0	0	22	1	6
ASV1815	0	0	0	11	43	22
ASV1816	0	0	0	4	1	1
ASV1817	0	0	0	2	4	5
ASV1818	0	0	0	1	0	3
ASV1819	0	0	0	21	122	329
ASV1820	41	26	32	0	0	0
ASV1821	0	0	0	35	1	0
ASV1822	0	0	0	51	27	5
ASV1823	26	50	43	0	0	0
ASV1824	0	0	0	1	5	8
ASV1825	13	20	12	0	0	0
ASV1826	0	0	0	4	0	0
ASV1827	0	0	0	26	8	31
ASV1828	1	4	0	0	18	0
ASV1829	0	0	0	7	7	15
ASV1830	4	6	1	161	221	293
ASV1831	0	0	0	17	10	8
ASV1832	12	14	24	6	2	0
ASV1833	0	0	0	0	0	1
ASV1834	0	0	0	29	6	41
ASV1835	0	0	0	9	5	6
ASV1836	0	0	1	1	0	0
ASV1837	0	0	0	22	0	0
ASV1838	0	0	0	8	0	0
ASV1839	42	21	60	1	2	6
ASV1840	0	0	0	14	3	5
ASV1841	0	0	0	65	25	6
ASV1842	32	11	11	0	0	0
ASV1843	0	0	0	7	6	15
ASV1844	33	8	11	18	135	30
ASV1845	18	8	23	0	0	0
ASV1846	0	0	0	7	4	0
ASV1847	0	0	0	0	0	11
ASV1848	0	0	0	41	0	3
ASV1849	34	41	18	0	0	0
ASV1850	0	0	0	3	8	8
ASV1851	0	0	0	5	6	8
ASV1852	0	0	0	84	172	301
ASV1853	60	10	16	0	0	0
ASV1854	0	0	0	0	1	0
ASV1855	2	0	0	13	14	26
ASV1856	0	0	0	5	2	0
ASV1857	17	5	88	48	6	21
ASV1858	0	0	0	0	0	8
ASV1859	0	0	0	15	0	10
ASV1860	7	4	19	0	0	0
ASV1861	0	0	0	16	2	1
ASV1862	0	0	0	6	12	59
ASV1863	0	0	0	63	22	149
ASV1864	0	0	0	2	0	0
ASV1865	0	0	0	2	7	10
ASV1866	0	0	1	0	0	0
ASV1867	0	0	0	0	30	0
ASV1868	12	8	9	4	2	5
ASV1869	0	0	0	14	2	2
ASV1870	11	5	1	8	4	5
ASV1871	0	1	1	7	4	6
ASV1872	0	1	2	4	0	0
ASV1873	0	0	0	39	0	0
ASV1874	0	0	0	194	319	210
ASV1875	0	0	0	0	2	27
ASV1876	5	6	3	7	6	6
ASV1877	0	0	0	1	4	0
ASV1878	0	0	1	3	1	4
ASV1879	0	0	0	7	2	6
ASV1880	15	2	4	1	22	34
ASV1881	0	6	0	0	0	0
ASV1882	0	0	0	17	0	0
ASV1883	32	37	28	0	0	0
ASV1884	0	0	0	1	11	7
ASV1885	1114	1480	654	707	321	937
ASV1886	0	0	0	18	211	55
ASV1887	1	0	0	0	0	0
ASV1888	0	0	0	22	5	0
ASV1889	1	6	11	17	47	41
ASV1890	0	0	0	5	1	13
ASV1891	0	0	0	10	0	3
ASV1892	0	0	0	9	0	2
ASV1893	0	0	0	24	2	11
ASV1894	0	0	3	40	14	25
ASV1895	0	0	0	9	43	6
ASV1896	4	12	3	0	0	0
ASV1897	0	0	0	0	0	321
ASV1898	0	0	0	2	44	5
ASV1899	0	0	0	3	8	11
ASV1900	0	0	0	28	46	46
ASV1901	0	0	0	9	0	0
ASV1902	0	0	0	50	10	0
ASV1903	5	0	3	2	8	2
ASV1904	0	0	0	23	18	19
ASV1905	0	0	0	20	3	10
ASV1906	0	0	0	4	0	1
ASV1907	3	0	0	4	2	6
ASV1908	0	0	0	28	72	73
ASV1909	0	0	0	22	0	0
ASV1910	0	0	0	1	13	18
ASV1911	9	20	0	0	0	0
ASV1912	0	0	0	6	13	16
ASV1913	0	0	0	1	5	5
ASV1914	0	0	0	56	0	0
ASV1915	0	0	0	1	36	97
ASV1916	0	0	0	1	0	0
ASV1917	0	0	0	4	9	1
ASV1918	1	5	3	0	2	2
ASV1919	9	34	3	96	37	4
ASV1920	0	0	0	32	5	32
ASV1921	0	0	0	0	3	0
ASV1922	5	4	4	0	0	0
ASV1923	0	0	0	5	8	0
ASV1924	8	8	1	0	0	0
ASV1925	0	0	0	10	0	0
ASV1926	0	0	0	13	3	0
ASV1927	0	0	0	0	4	1
ASV1928	55	68	36	178	15	88
ASV1929	0	0	0	6	4	8
ASV1930	21	8	1	4	21	7
ASV1931	0	0	0	1	4	11
ASV1932	3	1	3	0	0	0
ASV1933	0	0	0	9	11	11
ASV1934	0	0	0	16	14	2
ASV1935	19	6	12	11	9	13
ASV1936	0	0	0	4	0	13
ASV1937	0	0	0	4	2	14
ASV1938	0	0	0	6	0	0
ASV1939	185	89	74	150	64	90
ASV1940	3	1	1	3	2	6
ASV1941	0	0	0	0	0	15
ASV1942	2	6	1	0	0	0
ASV1943	0	0	0	20	3	2
ASV1944	10	18	8	0	0	0
ASV1945	0	0	0	13	1	25
ASV1946	4	1	2	2	0	0
ASV1947	0	0	0	4	11	18
ASV1948	0	0	0	6	1	3
ASV1949	0	0	22	151	225	291
ASV1950	0	0	0	24	30	2
ASV1951	0	0	0	19	10	14
ASV1952	0	0	0	64	0	2
ASV1953	0	0	0	0	0	6
ASV1954	0	0	0	6	1	1
ASV1955	0	0	0	6	1	4
ASV1956	0	0	0	1	2	0
ASV1957	24	11	18	27	7	13
ASV1958	33	18	5	5	3	3
ASV1959	0	0	0	10	2	4
ASV1960	401	380	351	5	3	0
ASV1961	0	0	0	7	3	0
ASV1962	18	11	0	1	3	1
ASV1963	0	0	0	11	0	0
ASV1964	0	0	0	3	9	0
ASV1965	0	0	0	1	9	5
ASV1966	0	0	0	8	16	11
ASV1967	0	0	0	1	0	0
ASV1968	0	0	0	0	3	1
ASV1969	0	0	0	1	1	5
ASV1970	0	0	0	4	4	3
ASV1971	85	76	71	43	39	41
ASV1972	0	0	0	10	3	17
ASV1973	5	9	7	1	2	4
ASV1974	0	0	0	2	6	0
ASV1975	0	0	0	13	6	14
ASV1976	0	0	0	0	2	2
ASV1977	0	0	0	19	13	14
ASV1978	0	0	0	14	11	46
ASV1979	3	3	10	0	0	0
ASV1980	0	0	0	8	0	0
ASV1981	110	227	75	0	0	0
ASV1982	0	0	0	0	2	0
ASV1983	18	12	15	1	2	1
ASV1984	0	0	0	5	4	5
ASV1985	0	0	0	3	43	9
ASV1986	0	0	0	4	0	8
ASV1987	0	0	0	2	14	2
ASV1988	0	0	0	0	2	0
ASV1989	0	0	0	2	5	11
ASV1990	0	0	0	7	0	0
ASV1991	0	0	0	1410	1362	448
ASV1992	0	0	0	45	80	54
ASV1993	0	0	0	15	0	2
ASV1994	5	3	1	4	1	3
ASV1995	0	0	0	30	3	2
ASV1996	0	0	0	3	2	8
ASV1997	0	0	0	8	0	0
ASV1998	0	0	0	2	4	1
ASV1999	0	0	0	3	1	0
ASV2000	0	2	0	1	3	4
ASV2001	57	58	59	0	0	0
ASV2002	0	0	0	314	2	6
ASV2003	0	0	1	1	0	0
ASV2004	0	0	0	4	0	0
ASV2005	0	0	0	1	1	3
ASV2006	0	0	0	5	0	4
ASV2007	0	0	1	8	15	21
ASV2008	0	0	0	3	3	1
ASV2009	0	0	0	0	1	0
ASV2010	0	0	0	34	0	0
ASV2011	0	0	0	1	2	1
ASV2012	1	2	0	1	0	2
ASV2013	0	0	0	1	10	157
ASV2014	0	0	0	1	42	1
ASV2015	0	1	0	6	1	7
ASV2016	0	0	0	4	2	20
ASV2017	0	0	0	1	0	5
ASV2018	0	0	0	2	0	15
ASV2019	0	0	0	1	3	0
ASV2020	0	0	0	2	4	11
ASV2021	0	0	0	6	5	11
ASV2022	0	1	0	276	165	541
ASV2023	0	0	0	3	4	0
ASV2024	0	0	0	8	2	1
ASV2025	0	0	0	11	0	2
ASV2026	0	0	0	5	3	2
ASV2027	0	0	0	3	0	2
ASV2028	0	0	0	0	0	2
ASV2029	0	0	0	7	8	0
ASV2030	3	2	4	0	0	0
ASV2031	0	0	0	23	8	0
ASV2032	0	0	0	7	31	23
ASV2033	0	0	0	85	213	74
ASV2034	0	0	0	0	2	0
ASV2035	0	0	0	2	3	3
ASV2036	0	0	10	0	0	0
ASV2037	0	0	0	2	3	1
ASV2038	4	4	5	0	0	0
ASV2039	0	0	0	28	1	2
ASV2040	4	0	0	0	0	0
ASV2041	0	0	2	25	6	20
ASV2042	0	0	0	11	6	7
ASV2043	185	184	37	14	69	136
ASV2044	0	0	0	0	2	0
ASV2045	0	0	0	3	0	0
ASV2046	0	0	0	6	0	0
ASV2047	0	0	0	1	2	0
ASV2048	0	0	0	8	17	5
ASV2049	0	0	0	2	0	3
ASV2050	0	0	0	4	0	1
ASV2051	0	0	0	7	2	3
ASV2052	0	0	0	41	251	59
ASV2053	0	0	0	6	17	9
ASV2054	0	0	0	2	0	0
ASV2055	0	0	0	1	8	0
ASV2056	0	0	0	3	0	1
ASV2057	0	0	0	8	4	0
ASV2058	3	1	7	0	0	5
ASV2059	0	0	0	4	1	4
ASV2060	0	0	0	2	4	1
ASV2061	0	0	0	0	1	4
ASV2062	0	0	0	265	95	434
ASV2063	0	0	0	0	3	1
ASV2064	0	0	0	9	2	4
ASV2065	0	0	0	1	4	4
ASV2066	0	0	0	16	1	3
ASV2067	0	0	0	2	0	0
ASV2068	0	0	0	2	1	0
ASV2069	0	0	0	0	2	0
ASV2070	0	0	0	5	0	0
ASV2071	0	0	0	6	0	0
ASV2072	0	0	0	3	0	3
ASV2073	0	0	0	140	13	216
ASV2074	0	0	0	0	1	1
ASV2075	0	0	0	2	0	3
ASV2076	0	0	0	0	4	0
ASV2077	0	0	0	18	0	0
ASV2078	0	0	0	11	11	26
ASV2079	0	0	0	5	23	4
ASV2080	0	0	0	20	12	6
ASV2081	1	0	0	0	6	0
ASV2082	0	0	0	4	5	4
ASV2083	182	113	8	12	8	5
ASV2084	0	0	0	4	0	0
ASV2085	0	0	0	1	0	4
ASV2086	0	0	0	1	18	2
ASV2087	0	1	2	0	0	0
ASV2088	1	0	3	1	0	0
ASV2089	1	0	0	4	1	0
ASV2090	0	0	0	0	0	5
ASV2091	0	0	0	267	3214	7
ASV2092	152	91	235	19	14	22
ASV2093	0	0	0	2	5	1
ASV2094	0	0	0	6	0	0
ASV2095	0	0	0	2	21	19
ASV2096	0	5	0	0	0	0
ASV2097	5	1	1	1	1	1
ASV2098	6	10	7	0	0	0
ASV2099	0	0	0	1	22	0
ASV2100	0	0	0	2	1	1
ASV2101	0	0	0	15	70	27
ASV2102	0	0	0	0	1	4
ASV2103	0	0	0	5	1	4
ASV2104	17	34	13	0	0	0
ASV2105	0	0	0	0	2	1
ASV2106	0	0	0	0	3	0
ASV2107	0	0	0	0	0	2
ASV2108	0	0	0	3	0	0
ASV2109	58	90	4	0	0	0
ASV2110	0	0	0	1	0	3
ASV2111	0	0	0	0	1	2
ASV2112	0	0	0	1	0	0
ASV2113	2	0	2	1	0	0
ASV2114	0	0	0	2	1	0
ASV2115	0	0	0	0	0	2
ASV2116	0	0	0	0	2	0
ASV2117	0	0	0	0	0	1
ASV2118	0	1	0	180	4	217
ASV2119	0	0	0	2	5	0
ASV2120	0	0	0	0	1	1
ASV2121	0	0	0	0	1	0
ASV2122	0	0	0	1	1	4
ASV2123	0	0	0	7	1	7
ASV2124	1	2	2	1	5	8
ASV2125	17	23	33	0	0	0
ASV2126	0	0	0	0	0	1
ASV2127	0	0	0	0	1	0
ASV2128	0	0	0	16	18	32
ASV2129	102	55	49	53	65	90
ASV2130	0	0	0	1	0	0
ASV2131	0	0	0	0	0	1
ASV2132	0	0	0	0	1	0
ASV2133	0	0	2	4	0	2
ASV2134	0	1	0	0	0	0
ASV2135	0	0	0	0	1	4
ASV2136	0	0	0	0	1	0
ASV2137	0	0	0	2	0	2
ASV2138	0	0	0	1	0	0
ASV2139	0	0	0	27	10	184
ASV2140	0	0	0	0	1	0
ASV2141	0	0	0	1	0	0
ASV2142	0	0	0	1	0	0
ASV2143	0	0	0	1	0	0
ASV2144	0	0	0	0	1	0
ASV2145	0	0	0	1	0	0
ASV2146	0	0	0	2	4	1
ASV2147	0	0	0	1	1	0
ASV2148	0	0	0	2	5	0
ASV2149	0	0	0	0	1	0
ASV2150	1	322	5	0	0	0
ASV2151	0	0	0	2	0	0
ASV2152	0	0	0	0	1	0
ASV2153	1	2	6	0	0	0
ASV2154	0	0	0	1	0	0
ASV2155	0	0	1	1	0	0
ASV2156	0	0	0	1	6	11
ASV2157	0	0	0	1	0	0
ASV2158	0	0	0	6	0	2
ASV2159	0	0	0	20	0	0
ASV2160	0	0	0	6	6	1
ASV2161	0	0	0	78	1074	2
ASV2162	0	0	0	1	0	0
ASV2163	0	0	0	1	0	0
ASV2164	0	0	0	0	0	1
ASV2165	0	0	0	1	0	2
ASV2166	0	0	0	1	0	0
ASV2167	0	0	0	13	0	1
ASV2168	0	0	0	0	0	1
ASV2169	0	0	0	0	0	1
ASV2170	0	0	0	0	0	2
ASV2171	0	0	2	0	0	0
ASV2172	0	0	0	166	76	60
ASV2173	3	0	0	0	0	0
ASV2174	90	112	92	0	0	0
ASV2175	0	0	0	5	0	0
ASV2176	0	0	0	1	0	0
ASV2177	0	0	0	1	2	7
ASV2178	0	0	11	0	0	0
ASV2179	0	0	0	3	4	8
ASV2180	0	0	0	1	2	0
ASV2181	0	0	0	1	0	0
ASV2182	79	39	19	15	132	31
ASV2183	0	0	0	10	0	3
ASV2184	0	0	0	0	0	8
ASV2185	0	0	0	0	2	5
ASV2186	0	0	0	8	0	3
ASV2187	0	0	0	2	0	0
ASV2188	0	0	0	0	0	1
ASV2189	0	0	0	0	0	1
ASV2190	1	5	0	8	3	3
ASV2191	0	0	0	0	1	0
ASV2192	54	118	93	219	471	531
ASV2193	57	4	11	10	119	209
ASV2194	0	0	0	0	0	1
ASV2195	0	0	0	7	1	2
ASV2196	0	0	0	0	1	0
ASV2197	0	0	0	0	1	0
ASV2198	0	0	0	1	0	0
ASV2199	0	0	0	1	21	0
ASV2200	0	0	0	0	2	0
ASV2201	0	0	0	0	1	0
ASV2202	0	0	0	0	8	1
ASV2203	250	220	311	0	0	0
ASV2204	0	0	0	2	1	0
ASV2205	0	0	0	0	0	1
ASV2206	0	0	0	1	1	0
ASV2207	0	1	0	0	0	0
ASV2208	0	5	0	0	0	0
ASV2209	0	0	0	0	1	0
ASV2210	635	683	534	2	0	0
ASV2211	0	0	2	0	0	0
ASV2212	0	0	0	0	1	0
ASV2213	0	0	0	9	0	0
ASV2214	0	0	0	0	0	2
ASV2215	0	0	0	1	2	0
ASV2216	0	0	0	0	0	1
ASV2217	0	0	0	13	0	4
ASV2218	0	0	0	1	2	0
ASV2219	1	1	0	1	0	1
ASV2220	106	143	79	23	33	16
ASV2221	0	0	0	1	0	1
ASV2222	2	0	0	0	0	0
ASV2223	1	0	0	0	0	0
ASV2224	0	0	0	0	0	4
ASV2225	0	0	0	0	0	1
ASV2226	0	0	0	2	0	5
ASV2227	0	0	0	0	0	1
ASV2228	2	0	1	0	0	0
ASV2229	0	0	0	1	40	8
ASV2230	0	0	0	1	0	0
ASV2231	15	33	40	74	155	164
ASV2232	0	0	0	0	2	0
ASV2233	0	0	0	1	29	0
ASV2234	0	0	0	0	0	1
ASV2235	2	0	2	0	0	0
ASV2236	0	0	0	0	0	1
ASV2237	5	1	2	0	0	0
ASV2238	0	0	0	0	19	10
ASV2239	0	0	0	1	0	0
ASV2240	18	24	5	71	28	24
ASV2241	0	0	0	4	1	0
ASV2242	0	0	0	1	0	0
ASV2243	0	0	0	1	0	0
ASV2244	0	0	2	0	0	0
ASV2245	0	0	0	1	0	0
ASV2246	0	0	0	1	0	0
ASV2247	0	0	0	1	0	2
ASV2248	0	0	0	11	2	0
ASV2249	0	0	0	3	0	0
ASV2250	0	0	0	4	3	0
ASV2251	0	0	0	559	52	313
ASV2252	0	1	0	0	0	0
ASV2253	5	2	2	0	0	0
ASV2254	0	0	0	6	0	0
ASV2255	0	0	0	1	0	0
ASV2256	4	2	2	0	0	0
ASV2257	7	6	2	0	0	0
ASV2258	1	0	0	8	1	3
ASV2259	0	0	0	2	0	0
ASV2260	1	0	4	0	0	0
ASV2261	0	2	4	70	33	29
ASV2262	1	0	0	0	0	0
ASV2263	0	1	0	0	0	0
ASV2264	1	2	0	0	0	0
ASV2265	0	0	0	0	1	0
ASV2266	0	0	0	2	3	0
ASV2267	0	0	0	1	0	0
ASV2268	0	0	0	0	1	0
ASV2269	0	0	0	1	2	0
ASV2270	0	0	0	3	0	0
ASV2271	0	0	0	260	0	9
ASV2272	0	0	0	5	3	0
ASV2273	0	0	0	6	0	0
ASV2274	0	1	0	0	0	0
ASV2275	0	0	0	1	1	1
ASV2276	0	0	0	3	0	1
ASV2277	0	0	0	1	1	0
ASV2278	0	0	0	0	1	0
ASV2279	0	0	0	1	3	1
ASV2280	0	0	0	0	1	0
ASV2281	0	0	0	1	0	0
ASV2282	33	81	17	0	0	0
ASV2283	0	0	0	1	0	0
ASV2284	0	0	0	3	0	0
ASV2285	0	1	0	0	0	0
ASV2286	0	0	0	6	0	5
ASV2287	0	0	0	4	0	0
ASV2288	0	0	0	1	4	4
ASV2289	0	0	0	0	2	1
ASV2290	158	57	532	570	84	231
ASV2291	0	0	0	102	89	45
ASV2292	0	0	0	16	0	0
ASV2293	0	0	0	2	3	4
ASV2294	0	0	0	5	2	0
ASV2295	0	0	0	1	0	1
ASV2296	0	0	0	0	1	1
ASV2297	0	0	0	2	0	0
ASV2298	0	0	0	23	4	38
ASV2299	0	0	0	12	7	0
ASV2300	0	0	0	6	0	2
ASV2301	11	12	28	32	87	85
ASV2302	0	0	0	1	0	0
ASV2303	0	0	0	1	0	0
ASV2304	0	0	0	0	1	0
ASV2305	0	0	0	0	2	0
ASV2306	0	0	0	0	1	0
ASV2307	0	0	0	1	5	0
ASV2308	1	1	1	0	0	0
ASV2309	0	0	0	1	0	0
ASV2310	85	138	42	0	0	1
ASV2311	0	0	0	1	0	0
ASV2312	0	0	0	4	1	1
ASV2313	0	0	0	1	0	0
ASV2314	0	0	0	1	0	0
ASV2315	0	0	0	7	0	0
ASV2316	0	0	0	2	0	0
ASV2317	0	0	0	1	0	0
ASV2318	0	0	0	1	0	0
ASV2319	0	0	0	2	0	0
ASV2320	0	3	0	0	0	0
ASV2321	0	0	0	130	19	32
ASV2322	1	1	0	0	0	0
ASV2323	2	1	0	0	0	0
ASV2324	0	1	0	0	0	0
ASV2325	0	0	0	1	9	1
ASV2326	0	0	0	0	3	1
ASV2327	0	0	0	0	0	1
ASV2328	0	0	0	0	0	7
ASV2329	0	0	0	32	93	76
ASV2330	0	0	0	0	0	1
ASV2331	0	0	0	0	0	1
ASV2332	0	0	0	2	1	0
ASV2333	0	0	0	3	0	1
ASV2334	0	0	0	3	20	3
ASV2335	0	0	0	1	0	0
ASV2336	0	0	0	0	2	0
ASV2337	0	0	0	0	3	0
ASV2338	0	0	0	1	0	0
ASV2339	0	0	0	1	0	0
ASV2340	0	0	0	62	15	23
ASV2341	0	0	0	0	19	3
ASV2342	0	0	0	0	1	0
ASV2343	0	0	0	0	1	0
ASV2344	0	0	0	0	1	0
ASV2345	0	0	0	0	1	0
ASV2346	0	0	0	0	1	0
ASV2347	7	3	11	3	3	4
ASV2348	2	2	3	0	0	0
ASV2349	0	0	0	1	0	0
ASV2350	0	0	0	1	0	0
ASV2351	0	0	0	47	3	27
ASV2352	0	0	0	1	0	0
ASV2353	0	0	0	1	0	0
ASV2354	3	0	0	0	0	0
ASV2355	0	0	0	0	0	1
ASV2356	0	0	0	1	1	0
ASV2357	0	4	0	2	1	1
ASV2358	7	4	1	0	0	0
ASV2359	0	0	0	1	1	1
ASV2360	0	0	0	0	0	1
ASV2361	0	0	0	0	0	1
ASV2362	27	29	22	21	19	10
ASV2363	0	0	0	0	0	3
ASV2364	2	0	0	0	0	0
ASV2365	0	1	0	0	0	0
ASV2366	0	0	1	0	0	0
ASV2367	2	0	0	0	0	0
ASV2368	2	0	0	0	0	0
ASV2369	0	0	0	0	2	1
ASV2370	0	0	0	1	12	0
ASV2371	75	69	80	9	0	0
ASV2372	0	0	0	0	3	0
ASV2373	0	0	0	1	0	0
ASV2374	0	0	0	0	2	6
ASV2375	0	0	0	1	0	0
ASV2376	0	0	0	1	0	0
ASV2377	0	0	0	1	2	1
ASV2378	0	0	0	6	0	0
ASV2379	0	4	0	0	0	0
ASV2380	0	0	0	0	1	0
ASV2381	0	0	0	39	32	53
ASV2382	0	0	0	1	0	0
ASV2383	0	0	0	1	0	0
ASV2384	0	0	0	1	0	0
ASV2385	0	0	0	4	0	1
ASV2386	0	0	0	1	1	0
ASV2387	0	2	0	0	0	0
ASV2388	3	13	3	0	0	0
ASV2389	0	0	1	0	0	0
ASV2390	0	0	1	0	0	0
ASV2391	0	1	0	0	0	0
ASV2392	1408	1514	992	4	0	0
ASV2393	0	0	0	299	320	108
ASV2394	0	0	0	0	0	1
ASV2395	0	0	0	0	4	2
ASV2396	0	0	0	3	0	2
ASV2397	0	0	0	1	0	0
ASV2398	0	0	0	0	0	1
ASV2399	0	0	0	0	0	1
ASV2400	0	0	0	174	45	4
ASV2401	0	0	0	1	3	4
ASV2402	0	0	0	1	0	0
ASV2403	0	0	0	0	0	1
ASV2404	0	0	0	0	1	0
ASV2405	0	0	0	1	5	3
ASV2406	0	0	0	1	3	1
ASV2407	0	0	0	0	1	0
ASV2408	0	0	0	2	0	0
ASV2409	0	0	0	1	0	0
ASV2410	0	0	0	0	1	0
ASV2411	0	0	0	12	165	39
ASV2412	0	0	0	1	0	7
ASV2413	0	0	0	2	0	0
ASV2414	0	0	0	0	1	0
ASV2415	0	0	0	3	0	0
ASV2416	0	0	0	3	9	21
ASV2417	0	0	0	0	2	0
ASV2418	0	0	0	0	2	0
ASV2419	0	0	0	0	1	0
ASV2420	0	0	0	3	2	0
ASV2421	0	0	0	21	60	23
ASV2422	0	0	0	0	17	3
ASV2423	0	0	0	1	0	0
ASV2424	0	0	0	0	1	0
ASV2425	0	0	0	0	1	0
ASV2426	0	0	0	2	1	0
ASV2427	0	0	0	1	8	5
ASV2428	0	0	0	1	0	0
ASV2429	0	0	0	1	1	0
ASV2430	8	3	6	0	0	0
ASV2431	0	1	0	227	12	94
ASV2432	0	0	0	0	1	0
ASV2433	0	0	0	1	0	0
ASV2434	0	0	0	3	1	2
ASV2435	0	1	0	0	0	2
ASV2436	47	57	37	38	15	27
ASV2437	1	2	1	0	0	0
ASV2438	0	0	0	0	0	1
ASV2439	0	1	0	0	0	0
ASV2440	0	0	0	4	0	0
ASV2441	38	38	18	17	4	13
ASV2442	100	104	180	0	0	0
ASV2443	0	0	0	0	3	0
ASV2444	0	0	0	0	1	0
ASV2445	0	0	0	1	7	3
ASV2446	0	0	0	1	3	2
ASV2447	0	0	0	4	16	1
ASV2448	0	0	0	1	1	0
ASV2449	0	0	0	0	0	3
ASV2450	0	0	0	2	0	0
ASV2451	0	0	0	0	0	7
ASV2452	0	0	0	90	6	13
ASV2453	2	1	7	5	0	2
ASV2454	0	0	0	0	1	0
ASV2455	83	67	92	0	0	0
ASV2456	14	16	15	0	0	0
ASV2457	0	0	0	1	0	0
ASV2458	0	0	1	0	0	0
ASV2459	0	0	0	1	1	0
ASV2460	0	0	0	1	0	0
ASV2461	0	0	0	1	0	0
ASV2462	0	0	0	148	2	69
ASV2463	0	0	0	2	0	0
ASV2464	0	0	0	1	1	0
ASV2465	0	0	0	3	2	4
ASV2466	0	0	0	11	0	4
ASV2467	0	0	0	1	0	0
ASV2468	0	0	0	15	0	0
ASV2469	1	0	0	0	0	0
ASV2470	3	0	0	0	0	0
ASV2471	1	2	1	0	0	0
ASV2472	1	0	0	0	0	0
ASV2473	0	0	0	17	42	9
ASV2474	0	0	0	0	0	3
ASV2475	0	0	0	0	0	1
ASV2476	0	0	0	2	0	0
ASV2477	0	0	0	0	0	7
ASV2478	0	0	0	0	0	2
ASV2479	0	0	0	12	0	17
ASV2480	0	0	0	2	0	20
ASV2481	83	68	123	1	0	0
ASV2482	0	0	0	0	1	0
ASV2483	0	0	0	0	1	0
ASV2484	1	0	0	0	0	0
ASV2485	0	0	0	1	0	0
ASV2486	0	0	0	1	0	0
ASV2487	0	0	0	4	0	0
ASV2488	0	0	0	1	0	0
ASV2489	0	0	0	0	1	0
ASV2490	0	0	0	0	2	0
ASV2491	0	0	0	0	2	0
